100
0 33
	16.3355
	16.595
	16.8192
	17.254
	17.7501
	18.7025
	18.7623
	19.7664
	20.9689
	21.0797
	25.7052
	39.2389
	39.3132
	40.6798
	40.9508
	41.3792
	41.7144
	42.1786
	43.3049
	44.8015
	44.9438
	55.7147
	59.783
	60.9911
	61.07
	63.5189
	63.774
	83.0895
	85.2064
	86.0269
	97.6449
	99.8373
	99.9417
1 22
	2.59713
	2.96637
	4.16359
	4.62884
	4.74511
	4.89483
	5.30082
	5.63502
	5.66842
	5.74473
	39.8259
	47.0751
	47.6418
	61.5436
	62.1353
	62.2389
	63.4843
	63.5512
	68.5034
	75.5579
	81.0769
	82.8212
2 12
	18.7453
	92.4521
	96.3618
	96.4526
	96.5824
	96.7101
	97.1822
	97.3948
	97.4294
	98.3178
	98.5746
	98.6804
3 25
	3.7975
	8.82513
	8.89988
	15.2206
	15.3247
	15.503
	17.6918
	18.4456
	18.4975
	18.6807
	18.7115
	19.983
	21.3867
	30.1405
	30.3824
	31.0943
	31.4153
	40.7489
	43.8831
	44.8176
	46.8163
	50.4846
	62.1837
	70.1575
	97.7567
4 14
	28.5147
	43.8557
	48.6885
	49.1638
	49.2731
	50.1055
	60.2302
	60.5366
	60.8151
	66.8994
	67.203
	77.0925
	89.3172
	96.0262
5 16
	19.2735
	30.7023
	33.6915
	34.3586
	34.5539
	34.6725
	34.685
	34.8825
	35.1956
	37.0192
	37.8711
	58.5826
	68.0678
	82.1577
	83.0796
	92.2188
6 19
	10.2475
	17.2964
	20.0171
	21.3857
	29.8632
	30.1944
	30.338
	34.8553
	35.6213
	36.1343
	37.1639
	40.3066
	41.4421
	64.5915
	67.3715
	67.6648
	95.3758
	97.0372
	97.7059
7 29
	29.0015
	29.0555
	29.2975
	35.9337
	37.2449
	37.3924
	48.6737
	69.3443
	70.9162
	71.2308
	71.791
	72.4441
	72.6603
	73.3965
	73.4759
	73.5693
	74.0214
	75.9374
	76.2593
	76.7209
	76.7295
	77.2979
	77.3983
	77.6861
	80.6239
	91.6803
	92.1381
	92.2065
	94.2252
8 26
	1.31628
	8.36303
	8.96972
	11.7288
	13.6822
	15.9627
	28.4945
	34.4071
	39.6273
	40.3254
	41.1534
	43.2606
	43.5825
	46.1393
	48.4501
	74.4289
	81.3423
	83.1306
	83.1406
	86.5067
	86.8398
	87.9965
	88.2098
	91.606
	97.1138
	99.0711
9 10
	15.6591
	47.0589
	94.8515
	95.4779
	95.5242
	97.3445
	97.5065
	98.209
	98.2526
	99.7522
10 27
	0.613513
	15.0119
	15.2405
	16.1698
	42.2107
	42.5054
	67.128
	68.6524
	68.9542
	69.1472
	69.1699
	69.791
	71.6809
	71.9098
	72.5349
	72.882
	73.2063
	74.4624
	74.7562
	74.8342
	75.5202
	84.1189
	84.746
	85.1593
	97.6141
	97.7732
	99.1249
11 21
	11.3046
	11.5077
	12.9547
	13.0522
	22.99
	23.3567
	40.0864
	42.4111
	43.452
	43.6456
	44.6251
	60.2093
	61.896
	62.9836
	63.1062
	76.3071
	81.5911
	93.9267
	98.8487
	98.969
	99.2765
12 19
	15.9488
	18.0606
	29.0162
	29.2682
	29.5805
	48.0003
	52.1071
	57.1177
	57.2795
	64.1117
	64.1771
	64.4849
	69.4725
	70.8201
	75.7122
	76.0934
	85.9711
	87.8319
	89.5847
13 24
	3.78225
	4.91999
	5.03833
	5.1294
	5.19059
	7.25741
	8.009
	8.03271
	8.22156
	8.74623
	10.2191
	16.8147
	16.9349
	17.3506
	17.4544
	24.6266
	29.0785
	41.8747
	48.5725
	62.875
	67.1303
	80.5579
	81.3215
	85.1406
14 23
	2.8101
	16.1935
	27.7352
	32.0047
	33.8852
	54.386
	54.7183
	55.0272
	55.296
	58.254
	72.9239
	77.9971
	78.123
	78.8203
	82.1145
	95.2918
	95.4541
	95.6338
	95.8651
	96.4975
	96.7615
	96.9917
	97.4303
15 29
	0.56832
	0.593005
	1.11756
	2.13257
	3.158
	3.4991
	3.7208
	3.91772
	3.94317
	4.08643
	21.0217
	21.2222
	21.4968
	21.6788
	23.7667
	53.2363
	60.105
	63.9411
	64.0614
	68.8019
	70.4307
	71.1584
	74.858
	77.2024
	91.1688
	92.2122
	92.3098
	97.704
	98.46
16 38
	2.22315
	18.728
	27.658
	27.9648
	29.1944
	34.5109
	34.6473
	34.6482
	34.7777
	34.9644
	35.0227
	48.4455
	50.8599
	63.6879
	68.8691
	76.3205
	76.6961
	77.1403
	91.4331
	92.8617
	94.2881
	94.6485
	95.2314
	95.2655
	95.6977
	96.1739
	96.774
	96.983
	97.9547
	98.0685
	98.12
	98.5085
	98.581
	98.6115
	98.6899
	98.8842
	99.2692
	99.5963
17 21
	1.15507
	3.62857
	3.64019
	5.1761
	5.78263
	13.2045
	19.3653
	46.7856
	49.9463
	50.7836
	52.5976
	53.5424
	73.6523
	78.3238
	80.5318
	81.4575
	82.7599
	82.9068
	83.21
	83.4559
	85.0345
18 7
	28.3478
	29.1047
	34.2793
	53.2488
	56.5754
	71.4249
	79.4133
19 30
	4.92236
	4.92382
	8.26361
	8.78255
	9.18099
	9.55483
	9.62025
	10.087
	10.3661
	10.4713
	12.1289
	12.4073
	12.5148
	12.6837
	14.2651
	23.3574
	23.7448
	24.1387
	29.9918
	30.3362
	32.3034
	38.5806
	39.1521
	58.678
	58.8355
	66.1942
	69.1445
	69.5806
	71.5909
	94.0728
20 42
	7.41892
	7.46408
	7.72473
	7.73165
	8.41075
	8.50995
	8.89233
	9.04888
	9.63566
	10.6101
	11.6827
	17.3372
	25.3455
	25.5297
	27.0049
	27.0712
	27.2805
	30.7624
	32.0586
	39.0342
	39.6952
	40.3284
	42.5352
	42.6081
	42.6154
	42.7004
	42.8402
	43.3429
	43.5225
	44.0411
	49.6397
	51.9572
	53.881
	56.399
	57.036
	78.6229
	79.1124
	91.4871
	92.0964
	93.0896
	93.1306
	93.3101
21 17
	6.38865
	16.6508
	18.9832
	36.9876
	80.1493
	80.6844
	84.1425
	84.4046
	88.962
	89.0669
	89.2406
	94.6842
	95.3596
	95.4329
	96.7935
	98.4757
	99.1104
22 28
	8.88859
	16.977
	18.5664
	18.8952
	20.0203
	22.9057
	24.3749
	24.4702
	28.924
	30.9166
	39.204
	39.4661
	39.7358
	40.0876
	53.6674
	58.8416
	63.5144
	68.5408
	70.7761
	72.4485
	76.9116
	78.9495
	86.8365
	87.0977
	87.1697
	87.244
	87.3789
	93.2424
23 14
	4.71276
	5.1626
	15.0305
	15.8009
	49.85
	51.373
	51.953
	54.2006
	66.719
	69.4587
	71.1845
	71.9519
	78.5918
	78.9455
24 20
	2.45451
	17.1947
	23.4941
	46.2039
	47.2973
	47.3881
	54.8893
	57.5358
	59.2388
	66.5664
	67.091
	68.0494
	88.9152
	89.02
	90.6179
	91.1226
	91.5299
	92.021
	99.5507
	99.9883
25 14
	10.8859
	11.4023
	24.9777
	25.1596
	25.5626
	35.2083
	43.3574
	43.5228
	48.0771
	54.0422
	59.9514
	94.1636
	96.7334
	99.6696
26 27
	4.6959
	5.25493
	5.29162
	8.03899
	15.4719
	27.1303
	29.1547
	29.2634
	32.6161
	34.1707
	41.7072
	50.5972
	51.5193
	51.6602
	52.0533
	54.023
	54.66
	62.7532
	63.2808
	63.6219
	66.2268
	66.3428
	66.5659
	72.0722
	83.1116
	83.2974
	83.7532
27 22
	3.60501
	5.70164
	7.00793
	8.0724
	20.0826
	20.2623
	31.2401
	31.4298
	32.7232
	34.1325
	34.6177
	35.6002
	45.0594
	45.8897
	46.2923
	46.327
	47.0776
	56.5447
	59.2881
	71.99
	74.5083
	99.585
28 13
	2.35313
	9.97179
	30.0158
	33.2882
	37.982
	45.1756
	45.4842
	46.0651
	71.7777
	72.1829
	72.9995
	73.7558
	74.549
29 13
	3.11855
	13.4607
	14.0037
	46.6396
	47.6283
	48.0213
	48.3811
	48.9709
	58.8379
	62.7608
	73.971
	79.1472
	99.5946
30 27
	42.5286
	42.6168
	43.835
	45.5219
	45.8933
	46.3578
	46.5591
	46.6294
	46.7143
	47.1697
	48.551
	51.5209
	62.2974
	66.4144
	66.6844
	66.7942
	68.3569
	68.5178
	68.8256
	82.8739
	83.5851
	84.1154
	84.3755
	84.6772
	84.9053
	90.8795
	93.7218
31 17
	2.00278
	3.60215
	11.9014
	14.0038
	25.2782
	33.6595
	40.6666
	44.4559
	48.7622
	59.4183
	59.8319
	60.9593
	60.9926
	67.4963
	71.545
	72.9327
	73.5294
32 37
	8.5225
	9.03149
	9.06102
	23.4342
	24.3561
	24.7023
	24.8465
	28.4266
	28.6193
	28.8338
	29.3819
	30.0338
	31.3828
	42.5656
	42.7763
	42.9185
	43.0164
	44.4914
	57.153
	58.7036
	60.9473
	63.9537
	64.1189
	76.7795
	77.071
	77.481
	77.6196
	77.7171
	78.6612
	78.719
	78.8054
	78.9869
	79.9095
	82.5058
	83.1573
	88.089
	96.0584
33 30
	5.07525
	5.26181
	12.9291
	20.0481
	21.8316
	22.4586
	23.0085
	23.2821
	32.4453
	47.1535
	47.6293
	48.5539
	49.4731
	50.2129
	51.617
	53.5348
	59.517
	60.6806
	60.8328
	61.441
	66.9629
	68.0208
	71.1476
	79.5577
	79.9644
	80.0081
	83.7377
	86.4554
	93.1176
	93.1318
34 41
	0.724057
	0.829019
	6.61702
	6.71553
	18.3549
	19.8211
	21.1541
	23.0485
	39.8816
	45.9097
	46.0575
	46.9469
	58.1089
	58.7714
	59.193
	61.0907
	70.9271
	71.4589
	71.6018
	76.5622
	76.9485
	77.1638
	77.2114
	79.1076
	79.6049
	80.0218
	81.0429
	81.0556
	81.639
	86.1772
	86.1848
	86.4335
	86.708
	87.0008
	87.0015
	87.395
	88.4561
	88.9658
	89.9375
	90.0456
	91.9109
35 16
	1.75513
	17.1535
	41.6295
	48.557
	53.7546
	56.0783
	58.1983
	58.6387
	58.8371
	62.9948
	66.4496
	67.1401
	67.8954
	79.3392
	79.751
	85.4828
36 35
	7.50887
	7.70878
	8.01709
	8.54177
	9.42651
	12.3764
	14.0697
	17.2123
	39.3008
	41.9901
	43.7951
	43.9224
	44.1741
	45.1015
	45.3374
	48.8587
	51.6645
	58.2822
	58.309
	73.0556
	73.1635
	73.3795
	81.6794
	88.6583
	90.8112
	91.7916
	92.1754
	93.442
	93.4487
	94.1292
	94.4953
	94.5668
	94.709
	95.0497
	96.0741
37 32
	1.1313
	3.58924
	10.5662
	10.6473
	10.6683
	12.2109
	12.3799
	12.4651
	13.1498
	13.3536
	13.3808
	13.8527
	14.2124
	14.2459
	54.9388
	55.137
	58.5961
	60.5705
	61.1984
	67.6027
	70.2146
	72.5088
	72.6876
	75.9389
	83.2327
	85.7304
	85.7694
	87.3625
	88.2041
	88.4997
	89.8984
	91.244
38 12
	14.1054
	14.25
	15.7305
	21.9574
	31.6744
	43.2913
	49.5619
	61.1582
	62.0288
	62.6289
	68.1241
	89.4117
39 30
	12.0165
	17.5162
	17.9441
	18.2286
	19.1718
	20.1359
	22.1668
	30.0409
	36.2795
	36.4229
	36.658
	36.658
	37.0328
	37.9049
	38.1072
	42.5439
	43.2013
	44.1157
	45.2757
	45.4089
	55.3637
	59.2716
	64.9916
	66.7344
	75.4424
	75.508
	76.0943
	77.0473
	77.049
	87.3072
40 23
	2.51053
	3.04296
	8.57028
	9.39375
	9.42907
	9.55189
	10.491
	37.4359
	38.3908
	38.8494
	40.1547
	40.5604
	60.9083
	61.7094
	61.7942
	63.068
	68.4479
	77.479
	77.702
	78.9969
	79.2157
	93.3712
	98.6595
41 31
	19.2267
	24.2419
	24.5216
	33.6931
	34.4616
	38.9666
	39.4232
	40.7604
	41.6897
	41.7868
	42.1522
	42.1979
	42.4995
	42.7339
	42.8316
	42.8675
	43.5004
	44.3723
	48.2164
	54.6911
	55.5112
	63.2376
	63.3372
	63.5587
	64.0616
	68.0115
	68.4978
	68.8845
	69.4078
	77.4509
	90.646
42 19
	10.9215
	28.0301
	31.5581
	35.9772
	36.1614
	37.202
	39.4132
	39.6409
	39.8176
	40.1851
	40.9666
	53.5393
	62.6753
	64.8485
	80.83
	81.8324
	83.1836
	89.4068
	98.3451
43 28
	9.11247
	9.27018
	9.86048
	26.7099
	27.0502
	41.2354
	41.6511
	45.3086
	54.6771
	55.0452
	55.076
	55.5024
	55.8824
	55.9168
	59.3768
	61.5462
	62.0332
	70.1201
	72.0134
	84.8365
	85.3758
	91.9016
	92.4167
	92.6814
	92.8064
	93.4939
	94.7437
	95.6199
44 43
	9.02508
	9.23789
	9.34135
	9.41641
	9.80469
	10.1944
	10.8593
	11.3559
	25.9096
	32.8166
	32.9495
	33.8337
	34.6404
	35.9713
	41.8704
	48.0158
	48.1338
	51.2328
	52.1557
	53.9325
	60.3688
	60.4993
	60.7207
	61.002
	62.9691
	63.6035
	68.4475
	69.0137
	69.2504
	71.0735
	72.2714
	72.3407
	73.7792
	79.7389
	79.8873
	85.3171
	85.5701
	94.8623
	96.714
	96.8638
	98.1926
	98.6791
	99.7668
45 28
	0.769852
	0.929991
	1.30077
	9.2828
	11.2135
	11.3343
	11.3517
	11.8673
	14.7859
	15.9988
	22.8162
	23.0239
	24.5447
	26.8705
	26.9158
	31.353
	33.078
	35.2898
	43.9564
	46.295
	53.6831
	54.2866
	54.4049
	54.4625
	55.3404
	87.3494
	91.7717
	92.1381
46 22
	5.89622
	15.0651
	30.7726
	31.3106
	32.4488
	38.6273
	52.0493
	55.7955
	62.4154
	62.5296
	62.9652
	64.5114
	64.9623
	65.6697
	66.7387
	67.6828
	79.8656
	80.6156
	81.6823
	82.4994
	91.0219
	94.2389
47 22
	14.7222
	15.0286
	18.4934
	19.4231
	27.8417
	29.3882
	49.4999
	50.1513
	51.4577
	52.2964
	52.4445
	63.0072
	63.2421
	63.388
	63.9992
	64.1825
	64.6847
	86.832
	87.8959
	88.7692
	91.088
	91.5013
48 18
	29.9134
	31.8237
	33.3019
	34.2326
	34.457
	34.5086
	34.8524
	35.0623
	37.9533
	56.8646
	60.7289
	73.0688
	75.0167
	75.1753
	85.6868
	89.6002
	94.6165
	99.0683
49 22
	7.36171
	9.51993
	11.2839
	22.3348
	27.118
	28.5404
	46.1318
	57.2061
	60.6488
	61.174
	62.104
	62.2965
	65.1491
	68.8339
	73.843
	75.9011
	87.4008
	91.7376
	92.4671
	93.4631
	93.6708
	93.7757
50 23
	22.4687
	38.3159
	53.4794
	55.2584
	73.7775
	78.2396
	78.7709
	78.8167
	79.8241
	80.0184
	82.5404
	82.6803
	85.7445
	86.5117
	87.9172
	89.2351
	89.6213
	89.7757
	89.8619
	94.9062
	95.4007
	97.1652
	98.7256
51 13
	8.68966
	8.7275
	10.1615
	10.4258
	37.7608
	69.7665
	71.3754
	72.6535
	92.0009
	95.4733
	96.4981
	97.0489
	98.5549
52 14
	5.25515
	20.6283
	49.5826
	57.4939
	59.9527
	66.0662
	66.1942
	66.3728
	66.5457
	67.0686
	68.7391
	71.0407
	85.0705
	91.5128
53 19
	8.40031
	9.37605
	10.1719
	16.8434
	16.9805
	19.0636
	20.5457
	20.6831
	21.4373
	57.8496
	68.4968
	72.2976
	76.6197
	76.905
	76.9556
	79.4114
	84.8208
	90.2755
	92.6246
54 20
	19.0234
	20.6469
	21.0252
	24.2638
	34.9253
	41.2068
	41.6145
	42.8716
	42.9096
	49.2824
	53.1217
	53.2893
	67.4739
	68.1449
	74.9999
	77.5854
	78.3636
	85.3604
	88.9655
	92.6979
55 23
	9.26814
	15.4239
	19.6263
	24.0918
	34.5649
	34.8085
	36.1847
	37.5353
	41.5103
	43.182
	43.9663
	46.5098
	55.5039
	56.17
	56.4054
	60.2683
	67.8143
	73.3935
	80.3069
	90.5209
	92.677
	93.3039
	93.3553
56 18
	40.6861
	40.9229
	41.0832
	41.1658
	42.6577
	54.1388
	54.3416
	56.143
	56.3406
	56.5426
	58.6013
	59.5241
	60.2258
	66.9086
	67.9113
	88.2183
	88.2224
	89.4374
57 18
	4.15532
	17.1055
	18.7776
	19.1689
	19.6046
	19.9412
	20.6915
	20.9605
	22.2405
	25.0775
	62.7047
	63.0998
	63.4334
	64.4244
	64.5287
	85.4094
	86.3605
	88.0231
58 15
	14.5275
	16.3511
	16.7018
	33.3126
	37.0158
	40.9291
	41.4618
	54.3865
	55.4752
	55.6273
	55.9422
	67.8043
	80.0556
	84.4905
	87.1367
59 29
	7.45279
	10.1127
	13.9717
	17.2959
	23.7877
	36.4543
	36.5231
	38.842
	40.0013
	47.7768
	52.8622
	53.0138
	55.1161
	62.5075
	63.9988
	82.0755
	82.4367
	82.6164
	83.2069
	84.3163
	84.4799
	85.4622
	85.6414
	87.3861
	87.4123
	87.4277
	87.8276
	88.3707
	94.5138
60 23
	1.36361
	2.83446
	3.51491
	20.066
	28.2579
	30.2891
	31.1766
	31.7111
	31.7476
	32.3601
	35.7249
	69.9901
	74.7029
	75.1972
	75.4321
	79.0041
	80.6118
	81.5171
	85.1754
	85.5893
	89.0261
	92.6339
	93.0453
61 27
	2.69448
	9.14003
	19.1399
	19.2689
	19.517
	21.2114
	37.6195
	51.1259
	52.5831
	72.4439
	74.9356
	76.1963
	79.3412
	79.6837
	81.161
	81.3302
	81.5377
	81.5555
	82.4787
	82.6747
	83.1307
	83.4696
	84.8525
	85.8722
	86.7702
	86.8628
	97.9043
62 20
	4.69799
	16.495
	18.5523
	18.8801
	19.0369
	19.9159
	20.2408
	20.6263
	20.9568
	21.3007
	28.8582
	30.8001
	41.3119
	58.9241
	59.2873
	59.6007
	59.6098
	89.2535
	92.5362
	92.8083
63 27
	17.5472
	30.6038
	32.1718
	33.0045
	35.9557
	36.6933
	36.7419
	38.6392
	38.8487
	39.1372
	39.4233
	39.5678
	39.7859
	40.2552
	41.5901
	42.3283
	48.5517
	64.8801
	65.0416
	72.3612
	74.0866
	76.1056
	82.3937
	85.6023
	87.3739
	90.2266
	91.6499
64 19
	23.7519
	26.3217
	26.402
	26.8189
	27.4483
	28.2767
	28.3535
	28.4803
	28.9002
	44.7094
	44.9705
	44.9773
	45.285
	71.6264
	78.8217
	79.7844
	79.8335
	96.2838
	98.8732
65 31
	3.41858
	5.33963
	13.7164
	16.7603
	16.7608
	17.2261
	18.1316
	18.3465
	18.4978
	19.8135
	20.2828
	21.6637
	21.717
	29.4721
	42.8768
	44.0759
	45.7559
	46.0211
	47.257
	60.3118
	67.7447
	70.11
	81.9787
	82.4525
	84.0345
	84.2276
	84.9023
	84.9524
	85.4108
	85.5937
	91.8528
66 28
	12.8103
	12.9963
	13.4307
	13.5973
	13.6341
	14.0158
	14.0481
	14.2604
	15.1002
	15.1891
	15.3775
	15.5738
	17.1235
	17.5077
	18.1746
	18.4174
	41.197
	42.4963
	76.0382
	76.486
	76.7932
	78.3213
	80.2774
	81.1242
	81.7867
	82.7543
	84.4214
	93.3757
67 16
	8.45156
	32.1947
	48.5368
	58.2988
	58.5464
	67.2086
	71.1732
	71.4915
	71.5288
	71.8165
	71.9215
	72.4381
	72.7488
	73.2703
	78.3647
	97.4255
68 4
	32.0817
	67.7366
	68.9337
	69.1655
69 31
	6.3435
	6.36029
	13.0324
	19.385
	50.8376
	51.6842
	59.2717
	60.0878
	63.8604
	70.7202
	71.7168
	88.0292
	88.0304
	88.5716
	90.3833
	91.6737
	91.8217
	91.8873
	91.8935
	92.2824
	92.9873
	93.9125
	93.9392
	94.0768
	94.4538
	94.5727
	94.6687
	95.1439
	95.4281
	98.0883
	98.2336
70 36
	5.04915
	5.06555
	37.6031
	38.4325
	39.1803
	40.7963
	41.3097
	41.7247
	44.9073
	47.3016
	50.6786
	55.0743
	59.9605
	62.245
	66.9711
	67.4604
	67.8369
	68.2968
	68.4302
	68.9707
	69.698
	69.7678
	70.1534
	71.6015
	73.9874
	75.906
	75.9998
	76.0083
	76.3112
	84.6151
	90.5149
	91.4129
	93.8095
	95.2658
	98.7235
	99.9936
71 19
	8.79526
	9.77495
	32.8436
	33.6344
	35.3508
	44.2964
	44.8957
	44.9658
	45.2023
	45.4833
	53.8723
	58.1473
	59.6858
	59.7216
	60.2658
	61.176
	73.8803
	81.3956
	85.1286
72 23
	0.30115
	1.04821
	2.78346
	9.02598
	9.53596
	10.4546
	19.1321
	26.9152
	33.052
	36.056
	41.2903
	46.8846
	47.6634
	51.0684
	54.0341
	63.0873
	78.0766
	92.8934
	94.7648
	94.773
	94.7975
	95.7065
	98.9496
73 18
	3.49816
	9.82519
	28.9127
	46.1493
	48.0703
	53.5153
	53.7938
	54.4041
	57.3993
	69.1819
	70.8649
	74.5607
	90.3644
	91.3667
	93.2593
	93.9601
	98.5957
	98.6614
74 30
	0.701267
	1.65046
	2.0234
	2.18177
	2.67345
	7.5447
	24.8233
	27.885
	28.1983
	37.0385
	37.8858
	39.1132
	42.5522
	42.7945
	43.6443
	44.2234
	44.8898
	45.1012
	45.3674
	47.0219
	55.1749
	61.7354
	90.3704
	90.4879
	90.8896
	91.0973
	91.1821
	91.5902
	92.5508
	92.825
75 24
	1.27038
	1.49751
	1.52446
	7.76877
	8.00845
	8.04706
	8.52316
	8.77029
	9.86169
	10.0047
	30.1502
	30.9661
	31.0646
	31.5889
	31.6511
	31.8998
	32.1701
	32.4273
	33.5139
	39.2038
	69.8718
	79.959
	80.8582
	83.2241
76 11
	12.813
	21.9762
	35.033
	41.735
	57.6375
	58.0385
	86.1849
	86.638
	86.9628
	86.9933
	89.5661
77 15
	31.5065
	45.7804
	52.5634
	56.3688
	65.0326
	71.5075
	74.5356
	79.9795
	83.8159
	83.87
	86.2945
	95.287
	97.5457
	98.3078
	99.1608
78 25
	0.540082
	1.68239
	1.75158
	1.99632
	2.19612
	2.60548
	2.66537
	2.86612
	2.93133
	3.76396
	6.7861
	7.82443
	10.6942
	34.0846
	37.7505
	38.483
	38.5716
	38.8075
	49.8398
	50.8131
	68.0072
	68.9134
	69.6469
	74.5487
	79.0016
79 34
	7.01761
	7.51879
	24.2883
	33.5725
	33.9106
	34.6025
	34.9109
	34.9242
	35.3836
	35.5491
	35.7503
	36.5086
	36.5532
	36.8887
	37.0433
	37.18
	37.2423
	37.5979
	40.8936
	42.386
	45.4883
	46.1006
	51.6383
	68.1205
	70.3281
	70.9066
	71.1901
	72.5024
	75.5516
	75.7625
	84.1416
	85.6196
	91.292
	92.6459
80 36
	16.1297
	16.5858
	17.6449
	19.0072
	37.4931
	39.8386
	40.0717
	43.0805
	50.1495
	67.2374
	67.4252
	68.6563
	69.118
	69.1617
	71.0407
	71.0726
	71.6736
	71.8723
	71.9894
	72.0693
	72.2828
	72.5775
	73.3977
	73.7747
	73.9749
	74.1661
	74.4302
	74.4687
	74.6205
	78.0431
	79.7399
	81.0773
	92.2031
	98.3131
	99.8484
	99.9962
81 28
	13.9632
	16.5405
	25.7435
	26.1978
	35.4895
	43.3446
	50.1294
	54.1449
	59.2376
	62.9547
	66.9676
	67.2434
	68.8751
	69.1497
	72.5985
	73.878
	74.8713
	75.4655
	77.4375
	78.2257
	78.6554
	79.1579
	79.9053
	80.4147
	80.5955
	80.7203
	98.4488
	99.4674
82 37
	0.97683
	1.02339
	2.30136
	2.58863
	2.66886
	2.67303
	3.05231
	3.56902
	4.48229
	4.67931
	6.14499
	6.4658
	6.5109
	19.8537
	33.8301
	52.1799
	56.9329
	59.5339
	60.0922
	60.2417
	60.3589
	61.0388
	61.2729
	61.3351
	64.7462
	64.958
	76.6804
	78.6437
	78.7771
	79.0359
	79.3288
	79.4303
	79.6572
	80.5247
	80.7736
	81.1047
	82.7732
83 25
	0.241999
	9.2017
	9.45682
	10.4255
	10.6388
	10.9899
	13.0361
	13.4776
	27.4225
	29.5768
	29.6788
	31.1443
	33.6248
	34.1224
	34.1776
	34.4298
	37.8317
	38.6603
	38.887
	50.3623
	93.4237
	93.7715
	94.1204
	94.504
	95.6502
84 46
	3.92669
	14.4947
	17.0347
	17.2085
	28.354
	39.7959
	42.9422
	43.066
	43.4657
	43.4988
	43.6265
	43.935
	44.2014
	45.8687
	46.1797
	46.6108
	47.6792
	50.073
	50.7374
	52.0417
	52.3881
	52.5608
	53.0211
	53.0716
	53.3577
	53.8467
	55.8317
	76.0932
	79.0828
	79.1636
	85.2769
	90.206
	91.1887
	94.1781
	95.0085
	95.0356
	95.4461
	95.4933
	95.5612
	96.0809
	96.5964
	96.9819
	97.2945
	97.9623
	98.5129
	99.9765
85 17
	20.7626
	31.9022
	55.757
	55.9458
	56.101
	56.4738
	56.8168
	58.1819
	62.3228
	72.7267
	72.9979
	73.0544
	77.9067
	78.4086
	87.6522
	88.0287
	89.2904
86 14
	0.404042
	2.39366
	2.94102
	14.9183
	34.1885
	46.7071
	49.345
	69.9355
	71.7242
	74.6173
	75.1336
	78.8442
	81.6887
	81.7826
87 27
	0.451027
	1.29591
	2.20753
	4.78827
	5.13356
	12.226
	15.181
	18.051
	20.9859
	21.0942
	29.1067
	30.6696
	30.9742
	31.1348
	31.5528
	31.8575
	34.6268
	35.0354
	35.3763
	46.6733
	53.7855
	62.6323
	72.1415
	73.6513
	75.935
	95.2096
	98.1764
88 28
	0.248919
	3.51936
	3.77016
	4.54453
	5.28753
	11.1206
	12.427
	16.2249
	17.5846
	18.9273
	28.6483
	33.5178
	33.549
	33.8807
	35.7786
	35.9402
	36.1106
	37.5885
	45.5387
	47.1148
	69.0525
	71.9422
	72.6781
	84.5947
	85.2354
	89.4752
	90.2777
	92.5352
89 14
	10.1578
	11.1114
	12.536
	13.6493
	16.7024
	17.8909
	21.5233
	24.0504
	35.0979
	50.8373
	51.1585
	77.5352
	78.1272
	82.2744
90 17
	8.34598
	17.8462
	26.8768
	27.7618
	28.1435
	28.5143
	28.7559
	30.4586
	31.1192
	49.3301
	53.1786
	55.0412
	56.6199
	58.7819
	72.0442
	88.7011
	88.9684
91 32
	1.01304
	1.28174
	1.29014
	2.04248
	2.67247
	2.78965
	6.69616
	12.0987
	12.2521
	13.8156
	13.9712
	18.4253
	21.9899
	29.0838
	55.1373
	55.3425
	64.8414
	66.2105
	66.5391
	68.6217
	69.2512
	69.5521
	69.8541
	73.613
	73.6718
	73.9492
	75.2291
	80.0952
	81.4547
	82.7669
	82.7884
	82.7962
92 23
	8.88474
	18.2403
	21.5963
	22.1754
	22.3688
	22.8239
	22.883
	25.6486
	35.1588
	51.3675
	51.7805
	59.4194
	67.936
	68.4024
	68.8698
	70.086
	77.0519
	85.1804
	89.4605
	89.5413
	90.9367
	91.3375
	91.7846
93 29
	26.8744
	28.5373
	28.9962
	29.4807
	40.2861
	40.91
	44.1286
	45.0046
	67.2814
	67.7538
	77.0454
	77.468
	77.8693
	78.663
	79.8574
	80.0831
	85.297
	85.6378
	85.6639
	85.9001
	86.2784
	86.9013
	87.0615
	87.7591
	88.2536
	88.6487
	88.731
	99.131
	99.1338
94 19
	4.34778
	4.93093
	23.4786
	24.3436
	24.9031
	26.2178
	30.2073
	33.9682
	34.8584
	48.4932
	48.6913
	48.6949
	48.7932
	50.689
	62.432
	62.7127
	64.7791
	66.0619
	67.6513
95 29
	5.69805
	6.70675
	7.33259
	23.1968
	35.2768
	42.3431
	60.7846
	62.3457
	70.1238
	72.7338
	77.94
	78.4922
	79.0519
	79.1031
	79.2842
	80.0373
	83.9845
	84.861
	85.337
	85.509
	85.9357
	86.8105
	89.2653
	90.5535
	90.8179
	90.9048
	91.1243
	91.5435
	99.1972
96 32
	37.8432
	38.7332
	41.5102
	54.5042
	62.1569
	63.725
	81.9616
	82.9635
	83.3384
	83.8284
	84.6672
	85.0034
	85.0377
	91.8697
	92.2648
	92.4562
	92.5655
	92.7383
	92.8071
	92.98
	93.3281
	93.3366
	93.8579
	94.064
	95.3705
	95.4655
	97.2492
	97.2968
	97.8708
	98.8267
	99.5693
	99.7026
97 21
	23.4634
	24.0124
	39.2437
	39.9417
	50.5222
	51.1211
	52.265
	52.9756
	53.0639
	53.2466
	54.859
	56.4102
	58.5929
	60.4613
	62.037
	70.7448
	75.6422
	78.6842
	79.8782
	83.8013
	96.634
98 12
	40.9565
	54.9372
	56.2847
	66.223
	71.8737
	78.8289
	79.2259
	85.0558
	89.4104
	93.3212
	95.6147
	95.8272
99 13
	26.3549
	41.4478
	42.9616
	42.9836
	43.2969
	43.7415
	44.0804
	60.5305
	71.919
	88.7832
	89.525
	92.0852
	95.2651
100 19
	2.96611
	3.71793
	5.85168
	23.0355
	26.9819
	44.515
	45.2429
	70.3787
	75.2868
	76.2983
	85.7073
	87.0089
	90.6347
	91.3272
	94.5662
	94.951
	95.3356
	95.4031
	95.4112
101 30
	4.09104
	4.33899
	8.08977
	8.87598
	8.9363
	9.11304
	9.36891
	25.2358
	33.9793
	34.0737
	39.6421
	41.018
	42.4504
	46.9554
	47.7619
	47.9177
	48.3956
	49.6682
	51.127
	57.0242
	57.1824
	66.9259
	72.3032
	79.0027
	79.2311
	88.2174
	90.0761
	91.6289
	91.6757
	92.2534
102 11
	4.14588
	49.099
	54.5465
	54.9717
	56.7827
	87.4267
	88.1501
	88.3194
	88.6217
	89.6349
	95.8637
103 18
	10.7685
	34.5514
	46.9986
	47.5265
	47.5386
	53.1888
	64.442
	64.4525
	66.6876
	66.7327
	71.3523
	71.373
	71.7495
	85.2933
	88.4303
	92.2845
	97.2685
	97.9222
104 16
	9.78366
	11.6402
	12.0979
	12.647
	13.1131
	33.626
	36.9023
	48.3061
	48.9314
	70.4873
	83.4164
	85.977
	86.2062
	90.6077
	91.2102
	91.7527
105 32
	2.16987
	3.56401
	4.25397
	4.51751
	8.21352
	11.4955
	22.9176
	25.2576
	30.6229
	31.0478
	37.1238
	38.4692
	38.9473
	39.2898
	39.6681
	41.2298
	41.8455
	46.4259
	47.9913
	53.0664
	53.8152
	61.0314
	69.0343
	71.4051
	72.4807
	73.7338
	78.403
	80.2316
	85.3712
	86.4198
	86.4767
	98.3507
106 17
	1.59488
	4.0854
	7.24796
	28.9023
	29.3076
	29.4901
	61.5132
	61.7088
	62.1283
	62.1398
	62.2699
	62.655
	63.4164
	63.4761
	65.1916
	67.8029
	79.4938
107 26
	16.1527
	16.9526
	18.6284
	18.6926
	23.5245
	27.9692
	30.4291
	55.8121
	57.8442
	58.7653
	77.6795
	78.2811
	78.3127
	78.3618
	78.4602
	78.6694
	79.3157
	83.8225
	84.2409
	84.2955
	85.4346
	87.1933
	87.7282
	88.4304
	92.8377
	96.8689
108 19
	20.1642
	27.1684
	31.5517
	32.7667
	33.4098
	33.6915
	34.1501
	47.4177
	53.3474
	55.3014
	55.7439
	66.2244
	70.8342
	72.874
	73.2561
	76.3094
	78.1265
	92.4522
	94.9058
109 32
	0.198701
	7.29447
	17.3486
	18.3509
	18.4914
	19.7209
	21.7765
	34.56
	34.6044
	34.9869
	35.301
	35.5142
	53.9788
	54.0218
	54.825
	56.3682
	64.442
	65.1916
	65.2688
	66.2469
	67.0166
	67.6235
	70.6333
	71.1501
	73.6092
	73.7335
	79.9248
	80.6394
	80.9129
	82.5441
	82.7165
	83.116
110 28
	1.5403
	1.84791
	3.29019
	3.4135
	3.55996
	7.21458
	8.72757
	32.4853
	34.8702
	36.9299
	46.0273
	46.4315
	49.2491
	50.2476
	52.2813
	53.1207
	53.5345
	54.2143
	54.2562
	54.8957
	66.621
	66.6472
	66.996
	73.9239
	88.6106
	92.531
	95.4743
	97.9097
111 15
	6.14439
	14.3803
	16.0599
	17.517
	18.1996
	40.7206
	41.5295
	70.6932
	75.5531
	77.1142
	82.7895
	83.6456
	84.8403
	90.9387
	99.9983
112 41
	8.29455
	9.42243
	10.0642
	10.8037
	17.6358
	23.9611
	24.3175
	25.4036
	25.5876
	34.1931
	36.4322
	39.8316
	42.9356
	46.0758
	46.539
	46.6676
	46.7094
	46.9358
	47.4609
	47.6297
	47.687
	47.7581
	48.0312
	48.125
	55.6204
	55.9667
	56.2581
	57.4048
	60.4155
	67.2258
	71.2342
	72.6863
	78.3344
	80.7378
	94.5663
	94.836
	95.8542
	95.9094
	95.9101
	96.7563
	96.7839
113 18
	7.35108
	42.2032
	43.4046
	52.6926
	53.7927
	58.129
	60.4581
	60.8616
	92.642
	93.0204
	93.0432
	95.5949
	95.6093
	95.8781
	96.0231
	96.515
	98.1312
	98.857
114 23
	1.85079
	2.79884
	3.80343
	9.97537
	12.1233
	12.5024
	13.1094
	28.4221
	33.3971
	33.8029
	33.8118
	34.0799
	34.0852
	34.2115
	34.8005
	34.8539
	35.2741
	49.954
	50.2211
	53.9722
	64.5031
	64.911
	65.2523
115 23
	7.07432
	7.27062
	8.16788
	9.09691
	13.9991
	21.9387
	22.2274
	22.6072
	22.8376
	37.3336
	48.7996
	52.0366
	52.042
	52.1916
	52.4016
	52.9651
	52.9919
	56.4157
	57.8047
	58.0608
	58.0902
	59.108
	60.4891
116 18
	1.44724
	1.97253
	34.3167
	34.9056
	35.0151
	37.0144
	38.0588
	38.5434
	52.1058
	64.8192
	65.8815
	66.9454
	71.5308
	84.6063
	86.1755
	86.6291
	86.6517
	89.0843
117 20
	15.9421
	16.4621
	19.6419
	20.3363
	21.1804
	22.7683
	23.182
	47.1135
	48.8942
	49.3367
	50.3343
	50.7585
	53.0628
	54.1598
	54.319
	64.6785
	64.9536
	73.8828
	73.9611
	78.823
118 29
	2.51042
	3.95312
	8.68926
	11.3706
	14.0198
	19.7863
	20.4583
	21.0194
	21.0263
	31.0151
	35.1112
	36.1363
	41.5604
	48.9538
	49.5814
	51.402
	52.6006
	55.1442
	68.135
	69.3159
	70.0301
	70.3323
	71.6277
	73.2616
	74.771
	75.142
	77.8968
	89.6726
	89.7072
119 21
	3.85971
	3.86751
	4.32403
	4.80724
	11.2971
	11.6243
	47.3116
	48.5153
	48.8038
	49.2585
	49.3828
	54.196
	69.199
	71.1978
	71.2496
	73.896
	74.3165
	74.8749
	75.6447
	76.0494
	93.9195
120 30
	16.5722
	16.8666
	17.7042
	18.7009
	19.1866
	26.0714
	34.6964
	35.9582
	36.3234
	71.4046
	71.7097
	71.7714
	71.8393
	72.7211
	73.2012
	73.5696
	73.6871
	74.6034
	75.0013
	75.0022
	75.3946
	76.4333
	76.579
	76.621
	76.6212
	77.177
	79.0325
	92.0153
	93.7668
	95.361
121 16
	0.487879
	0.892757
	6.917
	7.92336
	8.92394
	9.01073
	16.2209
	16.8627
	20.5257
	20.6345
	37.3947
	46.2718
	54.697
	63.2205
	89.4406
	97.1418
122 51
	2.68627
	13.9397
	31.8679
	32.5343
	41.8765
	43.4978
	44.2297
	44.2664
	45.057
	46.7141
	47.146
	48.8261
	49.1938
	49.5095
	49.887
	49.9075
	50.2552
	50.3209
	50.9094
	50.966
	51.0541
	51.0856
	51.6506
	52.341
	52.5071
	52.6445
	52.6623
	53.2357
	53.3136
	53.3221
	53.7925
	54.684
	58.8918
	61.3503
	61.8847
	62.357
	71.434
	77.99
	83.9076
	84.3179
	84.3294
	85.1506
	88.7023
	88.9471
	89.0646
	89.1376
	89.1759
	89.6215
	89.7974
	90.8005
	92.1423
123 33
	6.03555
	6.49753
	11.2242
	24.1264
	35.382
	35.6571
	47.3669
	48.3596
	49.2048
	49.6953
	49.9659
	52.8808
	53.1701
	55.5852
	70.5641
	71.345
	72.0047
	72.5365
	72.7955
	73.4545
	73.5104
	74.084
	74.8827
	75.5164
	76.0801
	77.9965
	80.9154
	81.5105
	81.6573
	81.8712
	91.8119
	98.6965
	99.7868
124 17
	1.17228
	8.1109
	14.6035
	15.8637
	21.6563
	30.4727
	38.7551
	38.8244
	39.3415
	42.5591
	59.9674
	75.9634
	84.9
	91.3978
	93.8308
	93.9402
	99.9655
125 16
	1.22173
	2.35792
	2.58696
	24.7033
	26.5489
	28.7663
	30.8175
	31.6192
	82.5748
	83.6265
	84.9602
	85.0508
	85.178
	91.6406
	94.7078
	97.1137
126 24
	1.11713
	1.51024
	5.18804
	26.3608
	29.4023
	30.2594
	30.6089
	33.9124
	38.3304
	38.4438
	41.2126
	41.5211
	43.1421
	43.6601
	47.2421
	58.1062
	65.5263
	66.2335
	67.5039
	69.68
	70.0657
	74.7269
	87.0278
	97.4247
127 25
	0.353513
	7.0918
	12.552
	21.0429
	29.3377
	34.8572
	39.5529
	47.8563
	48.3234
	48.7693
	49.9757
	50.0669
	50.7288
	51.099
	51.5149
	51.6427
	51.7338
	52.7784
	53.3492
	56.1894
	64.2071
	65.9312
	65.9565
	66.9985
	71.3687
128 18
	14.4032
	24.8854
	24.9465
	28.5842
	52.0199
	52.6797
	52.9787
	53.3151
	53.3207
	54.1687
	54.4093
	54.4726
	55.3249
	55.6438
	58.0519
	67.983
	70.9207
	88.9588
129 17
	0.792642
	3.51394
	3.58733
	4.44794
	5.71846
	6.10749
	10.0753
	21.6457
	31.1309
	31.1893
	32.0915
	32.2518
	32.3002
	48.013
	50.8991
	88.0948
	88.9572
130 13
	0.473674
	32.02
	34.1309
	44.0342
	49.0308
	49.3697
	50.248
	63.9705
	68.0568
	68.3953
	68.4479
	76.1169
	90.5842
131 49
	5.12943
	11.4665
	12.1949
	12.8457
	13.6166
	14.2013
	15.5004
	15.5751
	15.6543
	15.7541
	16.3929
	17.4886
	18.0368
	23.1499
	23.9752
	24.3117
	26.0709
	26.0806
	27.4304
	27.9151
	28.0989
	28.3402
	28.6625
	28.9813
	29.079
	29.3775
	29.461
	29.6322
	29.8056
	30.2126
	31.169
	33.2569
	34.2015
	36.524
	39.7327
	48.6198
	48.9012
	48.9937
	49.1416
	49.2272
	49.7167
	50.0728
	50.4619
	51.9225
	63.1591
	64.6824
	69.9948
	72.717
	75.3623
132 22
	16.3174
	23.1618
	27.0147
	27.124
	29.7037
	29.7672
	30.1657
	32.1977
	32.3495
	32.625
	33.2455
	42.1817
	42.2521
	45.8579
	72.9073
	74.4156
	79.3836
	79.5389
	79.9579
	86.8673
	87.3341
	91.8376
133 34
	8.98409
	21.032
	21.8652
	22.4315
	23.8218
	24.2368
	25.5154
	26.3933
	26.7376
	36.5713
	37.1737
	39.3065
	40.0895
	40.3803
	42.0089
	45.0638
	45.4053
	46.5827
	47.8056
	48.4315
	55.8347
	56.159
	58.2654
	58.9019
	59.7699
	67.2498
	70.9054
	71.546
	73.5205
	94.0058
	96.1057
	96.2301
	96.3392
	98.8853
134 20
	11.7225
	13.2329
	13.3617
	13.9017
	14.0275
	14.0451
	16.8156
	18.3456
	19.2218
	20.6623
	43.7142
	44.1123
	62.9847
	74.2849
	76.0971
	77.5247
	77.7151
	82.8746
	83.0833
	99.5958
135 20
	5.1912
	7.51606
	7.90932
	8.30884
	9.5815
	9.6614
	13.608
	25.1042
	26.2584
	30.1791
	39.0696
	50.1543
	53.4589
	81.2211
	81.5394
	83.0369
	86.1556
	86.884
	98.1533
	98.2372
136 16
	5.11789
	8.05463
	22.7714
	43.7019
	44.7219
	46.9779
	47.3679
	57.9364
	62.9859
	63.7607
	64.4422
	65.9617
	70.1267
	73.1313
	89.2897
	93.8703
137 12
	2.92815
	26.5116
	26.9325
	27.4245
	43.9868
	55.1785
	67.6146
	81.8348
	85.271
	87.1586
	87.7866
	88.773
138 11
	2.02925
	2.59281
	3.14777
	58.5842
	58.908
	69.7722
	79.0162
	80.6354
	81.7256
	86.9329
	96.0585
139 23
	8.1943
	11.4738
	17.1001
	19.4907
	21.5869
	22.017
	22.3347
	22.7147
	23.2259
	36.2065
	38.084
	45.5194
	59.0912
	59.384
	60.0242
	61.5692
	75.4489
	75.5892
	75.9006
	76.3756
	83.036
	91.2409
	91.6102
140 21
	4.99036
	5.67147
	30.2313
	49.118
	49.2845
	49.5249
	49.6511
	51.9009
	54.718
	59.3611
	66.6865
	67.2392
	67.5071
	69.7444
	70.5781
	75.6591
	77.4025
	77.707
	77.7406
	87.6512
	98.1521
141 31
	11.6864
	14.9453
	20.4703
	21.1695
	22.467
	22.5339
	24.0204
	24.0779
	25.014
	27.2328
	31.3455
	33.3749
	34.0313
	34.0856
	48.9719
	50.3469
	50.6045
	50.8997
	51.1137
	51.8402
	54.4187
	55.4967
	59.2034
	63.264
	63.5705
	68.2935
	89.2379
	90.7435
	91.0602
	91.5239
	94.5891
142 25
	10.3137
	30.2379
	30.3248
	32.8063
	34.2114
	40.4819
	41.2944
	41.6853
	42.5077
	45.4381
	56.7714
	62.6164
	80.7537
	80.7835
	80.9037
	81.0952
	81.7326
	81.7729
	81.9127
	81.9273
	82.0215
	82.0888
	86.5362
	89.3003
	91.546
143 22
	1.09248
	1.64891
	2.48458
	6.54402
	10.5744
	13.685
	29.0325
	31.3203
	31.4097
	31.7321
	36.5201
	37.0048
	38.1083
	38.7481
	42.0339
	43.0461
	44.0168
	53.1594
	57.4104
	97.0853
	98.9121
	99.0876
144 13
	7.67128
	15.1562
	17.5779
	19.1558
	20.706
	22.1812
	24.3068
	27.3015
	38.8394
	50.1015
	77.0676
	80.3117
	93.6463
145 31
	2.43716
	15.6717
	17.1817
	18.1421
	22.0782
	30.7865
	31.9577
	33.091
	33.2852
	33.3257
	40.1622
	42.8442
	42.9567
	72.3187
	83.6451
	83.7991
	84.3969
	85.0868
	87.0476
	88.6314
	91.9334
	93.8918
	94.3631
	94.5575
	94.6363
	95.2112
	95.2861
	95.5856
	96.1417
	96.6761
	99.8628
146 22
	0.392904
	15.7783
	20.2202
	20.5479
	20.8572
	21.0217
	21.3444
	34.7215
	35.1007
	35.7902
	35.9436
	36.5318
	37.1309
	37.5282
	37.8765
	50.221
	51.4141
	51.8214
	71.0018
	71.4117
	79.0479
	80.2741
147 39
	3.72401
	5.22586
	6.72019
	7.88553
	8.33424
	15.0418
	22.1307
	22.1983
	24.47
	49.5797
	54.0706
	60.9183
	60.971
	61.0657
	62.035
	62.3691
	63.0248
	63.2773
	63.604
	71.3135
	71.8094
	72.4556
	73.1759
	73.4595
	75.2912
	75.4536
	76.9052
	78.4188
	83.6241
	84.4225
	94.4098
	94.702
	95.1373
	97.0479
	97.3793
	97.385
	97.633
	99.0465
	99.097
148 24
	0.90842
	2.21196
	15.8448
	16.0687
	16.1855
	25.0191
	39.4943
	42.5746
	43.8556
	44.3814
	44.547
	48.3988
	61.82
	64.2699
	65.9075
	67.7999
	69.089
	69.0922
	75.2122
	88.0832
	88.811
	88.8119
	88.9147
	89.8714
149 8
	17.0919
	21.3538
	39.6135
	70.5453
	76.2696
	76.5083
	89.5198
	93.0739
150 20
	6.18375
	6.2627
	8.88822
	30.1824
	30.7637
	32.2822
	32.4056
	50.0668
	50.1609
	50.4
	50.5808
	51.5025
	52.1927
	52.5157
	67.7541
	68.9142
	78.0673
	78.9229
	81.9555
	97.0037
151 19
	12.193
	14.2393
	17.7539
	35.6693
	54.061
	58.1605
	80.8381
	84.6164
	87.8807
	87.9905
	88.1854
	88.9757
	90.9605
	91.9399
	92.4156
	94.8341
	95.7935
	98.5283
	99.4736
152 60
	7.53363
	14.2113
	16.3426
	16.7376
	18.4362
	22.231
	22.3375
	50.8275
	51.9977
	53.1291
	55.4929
	56.7043
	57.1208
	57.5355
	57.6862
	57.6923
	58.1573
	58.619
	58.8883
	58.9019
	59.1326
	61.6219
	61.7982
	62.85
	64.3196
	64.7489
	65.2027
	65.2999
	65.4028
	65.6148
	65.6653
	65.9861
	66.0492
	66.3159
	66.4174
	66.7425
	67.201
	67.2263
	67.5355
	67.6074
	68.836
	70.6492
	72.0403
	86.8018
	87.9916
	89.9207
	90.2913
	90.3813
	90.8302
	91.0374
	92.3456
	92.415
	93.2291
	93.3079
	95.3725
	95.8107
	96.2395
	99.5269
	99.8853
	99.9633
153 23
	14.4592
	31.7092
	32.3248
	34.2457
	34.3054
	34.8082
	44.5291
	45.3535
	45.825
	71.1393
	74.6826
	75.8964
	76.4278
	77.665
	88.8131
	94.9039
	95.1479
	95.3033
	95.7369
	95.8588
	96.0746
	97.6106
	98.4746
154 36
	9.58456
	12.8084
	16.221
	20.7344
	21.7647
	21.7948
	21.9616
	21.9652
	23.7184
	24.3603
	26.4594
	26.6556
	31.8022
	37.9636
	40.9644
	42.1264
	42.6315
	70.5129
	70.7571
	72.2517
	74.1512
	74.3292
	74.6333
	74.905
	75.9015
	77.01
	78.2826
	78.8607
	92.1321
	92.8629
	92.9623
	93.0122
	93.549
	93.6318
	94.1324
	95.4256
155 25
	2.40058
	17.7389
	17.9116
	27.7633
	28.5278
	28.8818
	29.4289
	29.9128
	30.3992
	31.325
	31.8585
	32.7779
	33.0433
	33.1735
	33.176
	33.6453
	33.6883
	33.808
	35.7362
	37.575
	58.4891
	59.5894
	60.9688
	84.8476
	87.9423
156 23
	3.63257
	9.75181
	12.1348
	12.3213
	29.414
	30.8197
	31.4939
	31.5878
	32.3313
	32.3647
	41.9828
	42.026
	72.3181
	72.871
	81.2794
	84.9019
	86.5954
	87.0418
	87.5135
	89.2952
	94.0953
	94.6092
	96.9059
157 29
	13.1892
	32.0768
	32.8177
	38.8619
	41.5342
	44.889
	49.2599
	49.4419
	49.8471
	50.4743
	50.7316
	51.5069
	67.9467
	68.7293
	69.204
	69.5299
	71.8882
	74.0192
	74.114
	74.8446
	75.163
	75.5586
	75.5611
	75.5868
	75.588
	76.5593
	76.5849
	76.7908
	84.2928
158 17
	12.0066
	12.8849
	25.2438
	30.4265
	41.8225
	47.8464
	51.5723
	52.443
	54.4793
	56.5739
	57.2007
	67.7687
	68.3359
	86.7831
	87.0553
	95.4481
	97.2369
159 28
	0.770756
	1.00841
	1.7514
	1.83765
	19.9491
	63.2202
	66.1551
	66.2478
	66.4023
	67.0546
	67.0664
	67.1338
	67.1989
	68.0407
	68.0474
	68.1852
	68.6408
	69.4458
	70.0505
	70.4606
	70.5709
	71.1686
	71.2545
	72.4813
	72.6184
	72.748
	72.9804
	75.059
160 18
	0.970637
	1.21948
	16.82
	23.0143
	23.0149
	30.6778
	30.9274
	37.0316
	54.1998
	58.0417
	59.2573
	65.275
	73.6385
	74.8112
	86.0848
	87.6805
	97.7615
	97.8987
161 24
	12.184
	14.0711
	14.7813
	14.7871
	15.1943
	15.2236
	15.9001
	18.2559
	27.1201
	36.5354
	40.1698
	51.4463
	51.5509
	51.9102
	51.9325
	52.303
	52.6646
	54.8092
	55.8444
	62.589
	74.5181
	81.6287
	99.6891
	99.9619
162 21
	7.37054
	7.79304
	10.4357
	28.181
	47.9857
	48.5838
	48.6619
	50.4585
	51.0832
	51.1316
	52.5736
	61.0541
	63.6644
	67.5653
	67.6581
	70.8892
	71.5873
	73.5979
	75.6124
	89.4669
	99.9825
163 14
	2.61975
	3.04083
	3.27778
	14.1857
	15.6715
	30.8796
	58.6663
	59.2214
	60.3988
	60.3998
	60.4998
	60.6803
	78.8047
	85.7439
164 13
	15.0375
	19.5324
	19.6366
	20.8812
	41.373
	41.7142
	41.8286
	44.7213
	49.6011
	52.3882
	82.4711
	94.4466
	99.2682
165 28
	2.09808
	3.91987
	4.05652
	18.8619
	43.5219
	43.7307
	47.4867
	47.5277
	47.6073
	48.2502
	49.1755
	49.4169
	60.7555
	67.1241
	71.8453
	76.1448
	76.221
	76.3018
	77.8465
	77.8794
	78.3071
	78.6674
	79.3452
	81.2109
	81.374
	81.3932
	84.9167
	92.5533
166 24
	5.48144
	6.98508
	7.46565
	7.92702
	8.39417
	8.57226
	8.84239
	8.94514
	8.95674
	9.20466
	9.26382
	9.42182
	9.54117
	9.70847
	10.1629
	11.8206
	24.3536
	32.1279
	67.4353
	70.6657
	73.6815
	75.1134
	94.4235
	95.6828
167 8
	19.2967
	28.1756
	33.6325
	36.0317
	54.3246
	68.5316
	77.7357
	83.6718
168 12
	2.50213
	13.853
	13.9032
	14.369
	16.4281
	38.939
	56.1115
	79.1748
	79.5932
	82.688
	88.8706
	97.5883
169 11
	10.6058
	10.9101
	16.6345
	17.7896
	43.2393
	62.0013
	66.028
	71.1167
	72.4936
	72.7489
	72.8282
170 26
	7.51645
	8.80611
	18.4179
	22.6905
	23.0138
	23.7133
	25.842
	29.8586
	40.6048
	40.803
	41.4195
	44.5131
	48.8635
	49.7319
	51.1652
	51.2535
	53.2866
	61.8559
	62.1555
	62.2173
	80.2813
	89.7254
	90.2035
	91.0435
	91.1418
	91.1931
171 18
	1.18144
	15.4206
	30.5959
	31.5559
	49.1099
	49.28
	52.0173
	78.407
	80.6973
	81.7725
	82.4462
	82.5776
	84.7996
	86.6172
	87.2146
	87.2551
	87.3692
	88.8821
172 19
	7.3951
	10.1197
	10.143
	11.486
	11.6198
	11.6438
	28.5684
	31.2565
	40.5232
	41.4178
	44.0193
	64.2349
	68.8116
	69.084
	70.7685
	74.8189
	77.4501
	86.1445
	88.9452
173 14
	53.2692
	56.7169
	57.458
	57.8949
	59.3916
	59.9145
	77.2479
	88.5262
	88.9573
	89.5747
	95.149
	95.4704
	96.8531
	98.268
174 4
	40.0438
	40.2921
	45.5207
	54.85
175 12
	37.2562
	39.2218
	51.197
	55.3043
	63.9068
	69.8344
	87.0417
	91.6398
	97.1038
	97.8627
	98.6256
	99.74
176 14
	3.81502
	34.9528
	60.4719
	86.8132
	92.5493
	94.556
	94.5725
	94.6696
	95.236
	95.8084
	96.4939
	99.0484
	99.6568
	99.9063
177 38
	1.20181
	1.8183
	1.87223
	8.06149
	8.68049
	11.9446
	13.3333
	16.2785
	32.8727
	33.3565
	33.546
	33.8648
	34.0075
	34.0176
	34.4103
	35.0112
	35.7059
	35.9132
	35.9225
	36.202
	36.2101
	36.3851
	36.451
	36.525
	36.5774
	37.3447
	37.4253
	37.9649
	39.2865
	39.6514
	39.7399
	39.8129
	39.9767
	40.6475
	40.6799
	42.2436
	87.8782
	95.2526
178 21
	5.60864
	20.1844
	37.1373
	38.9744
	47.1598
	55.3937
	55.8061
	57.2298
	66.0229
	74.2568
	75.2305
	75.3671
	84.0861
	84.2744
	88.0172
	89.0945
	93.4919
	93.9786
	95.8714
	96.4409
	96.8133
179 14
	41.9134
	65.8064
	66.0328
	73.4044
	78.5864
	80.2189
	80.3862
	88.3107
	90.0629
	91.7455
	94.748
	95.2482
	95.4833
	96.6254
180 32
	1.54121
	6.4299
	13.73
	14.5602
	14.6691
	25.2827
	29.4353
	49.1388
	53.5158
	53.5806
	54.7534
	55.1122
	55.4936
	56.3369
	56.355
	56.4976
	56.6262
	56.9725
	57.1181
	57.3241
	57.5917
	58.3944
	59.1682
	59.2975
	60.017
	60.587
	60.9765
	62.7501
	66.8661
	69.8747
	74.1447
	78.9086
181 12
	13.0856
	22.5337
	41.3457
	41.5641
	42.0522
	42.8974
	43.417
	43.8841
	45.5217
	49.0107
	49.0653
	68.0818
182 14
	0.627209
	1.02221
	1.31508
	26.0191
	36.1639
	41.5102
	43.3582
	74.732
	75.4197
	77.2927
	83.0239
	87.2224
	87.2424
	99.7719
183 20
	3.27569
	3.31526
	4.69699
	20.911
	31.7846
	40.3578
	41.5836
	51.9599
	57.8694
	59.5225
	59.75
	66.946
	79.3616
	80.1034
	80.1927
	92.6998
	93.046
	93.2951
	94.7854
	96.2494
184 20
	1.42965
	2.30391
	3.23607
	3.44873
	14.2044
	14.5685
	16.8641
	22.9839
	24.7569
	24.885
	26.146
	49.2264
	64.1432
	64.2868
	64.3699
	66.3358
	77.6671
	80.3364
	87.029
	87.3505
185 41
	15.0195
	16.694
	16.838
	20.5663
	29.9516
	30.116
	30.1667
	30.4116
	30.6068
	31.1218
	31.1659
	32.253
	33.8553
	34.1568
	34.865
	51.7671
	55.7898
	76.5928
	76.6708
	77.2642
	77.3954
	77.5666
	78.9795
	83.0631
	84.7694
	84.8677
	89.2811
	90.4758
	90.5055
	90.611
	90.8906
	92.1128
	92.7915
	93.1628
	93.3433
	93.6475
	94.1356
	94.3651
	94.7794
	94.7983
	96.9492
186 30
	12.809
	14.6076
	18.6384
	18.6819
	19.5589
	20.603
	20.759
	22.2756
	22.3479
	39.0577
	39.3633
	39.5187
	39.6141
	39.8243
	47.0927
	47.8791
	48.4248
	48.6296
	48.7366
	50.5269
	51.3013
	56.7604
	56.9278
	61.4698
	67.5208
	67.9068
	72.7788
	75.2384
	99.9371
	99.9582
187 37
	1.42611
	1.8688
	1.94142
	2.73421
	4.00653
	26.7263
	27.285
	27.4279
	37.2825
	37.397
	39.167
	52.5255
	52.6188
	54.0709
	56.1908
	58.3133
	61.3843
	62.1673
	68.8339
	69.1163
	69.4076
	70.1411
	70.1802
	70.2899
	70.7529
	71.0095
	71.4563
	72.9081
	73.1022
	74.0452
	74.524
	78.9123
	78.9412
	80.1264
	80.1319
	82.085
	90.7848
188 6
	23.8383
	70.6408
	75.6675
	76.8048
	86.8559
	89.833
189 18
	0.759826
	27.7961
	28.5422
	30.6196
	31.1548
	31.2634
	32.0843
	32.1567
	32.3471
	32.6343
	53.502
	53.8373
	73.6789
	73.7135
	79.4682
	79.4924
	79.5981
	80.1566
190 22
	2.38843
	3.3771
	12.5198
	16.8591
	19.8754
	22.6883
	40.8532
	62.7605
	62.7966
	62.8072
	63.4581
	63.4894
	64.7141
	69.0087
	69.2822
	69.6311
	71.3806
	73.0015
	74.0104
	84.4691
	93.523
	93.6309
191 27
	4.12887
	4.27985
	4.64122
	5.46162
	5.53205
	8.74222
	20.027
	24.8678
	29.3095
	30.952
	31.1711
	48.8443
	58.2401
	71.4896
	72.2528
	72.8974
	74.5505
	75.438
	75.5603
	75.5612
	76.5557
	77.2157
	78.9499
	84.6315
	89.9125
	91.1015
	98.343
192 12
	29.6289
	32.0755
	43.3617
	57.3195
	60.2658
	61.2317
	62.5355
	62.994
	63.2514
	85.1903
	96.6391
	96.9012
193 14
	7.40605
	7.74166
	9.40393
	53.9625
	54.8192
	62.5054
	62.7499
	63.0175
	71.0824
	72.7416
	74.3886
	74.8174
	75.9901
	89.8455
194 13
	0.544215
	15.648
	32.7748
	36.722
	37.4024
	65.5305
	78.2033
	84.2202
	91.0238
	96.7006
	98.3218
	99.4727
	99.5588
195 21
	9.38946
	12.6802
	14.1378
	24.8335
	53.4556
	53.7175
	53.8648
	54.154
	60.1569
	60.7698
	61.0335
	61.7554
	61.9039
	77.2831
	77.3104
	78.0594
	78.233
	93.8897
	96.2728
	97.3335
	97.8327
196 27
	0.193902
	1.0065
	1.60588
	2.95442
	4.22528
	4.58314
	4.7669
	6.21849
	6.31245
	6.60917
	7.24437
	8.08024
	29.8303
	30.2701
	31.8744
	32.3557
	36.0425
	37.7622
	61.5596
	63.1665
	65.6835
	78.676
	79.06
	79.8939
	82.0788
	84.2108
	98.4156
197 19
	0.13339
	21.6073
	27.7714
	36.6339
	37.5877
	55.008
	57.5034
	63.8276
	64.2037
	64.2819
	64.638
	64.9005
	88.5078
	88.9016
	88.9686
	89.0609
	90.2931
	92.0369
	94.2789
198 18
	9.97385
	11.5982
	11.662
	25.7672
	30.087
	36.0736
	46.0421
	46.1094
	63.984
	73.4329
	74.8978
	75.4988
	76.3048
	77.8234
	91.16
	94.677
	95.3923
	99.2406
199 12
	28.463
	28.53
	28.6822
	55.0884
	58.2647
	60.083
	60.2166
	65.9543
	71.0049
	87.6687
	89.5948
	97.2536
200 24
	1.90922
	2.21091
	2.80918
	3.95815
	5.52208
	12.6819
	17.442
	18.4667
	19.8394
	31.4722
	32.5813
	33.096
	56.8836
	57.5318
	57.9869
	68.1118
	69.0875
	69.2513
	69.2677
	69.8471
	70.4967
	70.7669
	72.776
	73.3145
201 6
	7.40662
	30.1763
	76.5103
	89.536
	90.9419
	91.0883
202 10
	9.30626
	16.8929
	17.1767
	18.0571
	24.7944
	34.4767
	46.6717
	82.8999
	85.6707
	90.4444
203 20
	4.37558
	6.07081
	10.6785
	21.3229
	24.0528
	24.097
	24.3086
	25.5474
	26.7886
	27.0086
	27.3235
	27.4285
	37.0919
	58.8762
	61.9666
	63.459
	74.9614
	75.8321
	98.4662
	99.7307
204 17
	27.4541
	35.4347
	38.0511
	41.0554
	41.4326
	41.725
	42.2594
	43.411
	43.7879
	43.8405
	52.9264
	57.9962
	58.1
	59.6813
	82.0811
	86.5535
	87.8075
205 13
	19.7788
	20.6294
	21.235
	21.814
	21.84
	29.8659
	34.4713
	34.8521
	44.2106
	55.8104
	55.9801
	56.644
	94.5421
206 25
	1.09536
	1.13707
	1.44407
	1.51891
	3.22747
	6.35457
	27.1004
	28.3986
	42.6843
	49.1703
	49.2102
	49.863
	49.886
	52.7348
	53.7312
	54.2767
	54.511
	55.4261
	55.502
	55.7896
	56.8098
	59.136
	63.1941
	64.3853
	72.41
207 19
	0.0510145
	1.76186
	2.14847
	2.35793
	5.10102
	5.53903
	6.39262
	41.6208
	42.9686
	43.256
	73.9515
	84.0324
	85.6197
	86.9173
	90.4638
	90.6933
	90.7128
	91.7543
	93.1003
208 31
	4.86243
	6.42537
	7.19786
	10.6033
	11.7048
	12.7561
	13.3347
	14.4207
	20.437
	22.3231
	28.9461
	37.0729
	42.6383
	45.5636
	45.6078
	46.7352
	52.0647
	72.2464
	72.6866
	80.9258
	81.7372
	82.0365
	87.2399
	87.7182
	87.9051
	88.7814
	89.4452
	90.4783
	90.7755
	91.1836
	98.7209
209 11
	11.6707
	28.1441
	34.5651
	36.905
	36.9315
	39.4083
	42.7353
	66.5486
	69.2328
	96.8935
	96.8951
210 21
	3.33103
	11.4814
	11.9666
	12.8869
	13.1283
	13.3279
	14.1474
	14.3211
	14.4227
	23.8366
	24.2617
	24.9856
	25.0109
	39.1068
	68.641
	69.023
	73.5393
	75.0157
	83.3956
	85.731
	90.9789
211 17
	15.9841
	16.7653
	21.9667
	40.7829
	45.9456
	48.1739
	57.4398
	57.9115
	58.7799
	69.0598
	69.7667
	69.8386
	69.8685
	70.0324
	70.0596
	73.9045
	98.0315
212 33
	0.941284
	1.04843
	1.25769
	1.33154
	1.3398
	1.63918
	2.03097
	2.05017
	2.32335
	4.21657
	6.28868
	6.3475
	6.68739
	7.06699
	7.11837
	7.18141
	7.31666
	7.36194
	7.40429
	8.13928
	8.81215
	9.76701
	11.1517
	11.6233
	13.4205
	21.4958
	23.5082
	38.93
	39.2792
	50.626
	61.8064
	62.8304
	73.8236
213 21
	2.92285
	5.09813
	7.56403
	10.6709
	10.8421
	13.3739
	15.5548
	15.9409
	22.2461
	24.1848
	25.4093
	66.4145
	72.1397
	88.7516
	93.2985
	93.4255
	94.395
	94.925
	95.4896
	96.1788
	96.2141
214 19
	11.1378
	12.462
	26.8593
	27.0169
	28.9963
	30.1236
	30.5393
	37.9621
	75.4485
	75.4599
	77.7852
	78.3537
	86.7869
	90.5983
	90.6571
	91.9513
	92.1949
	92.6586
	92.98
215 11
	15.0895
	16.574
	16.8286
	26.6421
	34.781
	37.8497
	55.7454
	63.865
	71.2068
	77.0133
	85.8878
216 29
	1.06358
	1.20319
	2.09978
	9.05158
	10.3429
	10.6402
	13.0355
	13.0791
	13.9303
	14.2683
	39.9887
	40.4899
	41.6923
	41.8929
	42.596
	44.3528
	44.3535
	44.715
	45.1625
	45.4456
	47.25
	59.8876
	63.7727
	65.4993
	65.9058
	66.5764
	66.9
	81.0675
	86.7612
217 11
	2.84795
	26.2797
	26.622
	27.2217
	27.9332
	29.9908
	32.0305
	50.5647
	50.8178
	56.1766
	76.5734
218 14
	13.9087
	15.1579
	15.168
	15.168
	15.8039
	22.7234
	22.7764
	31.5195
	33.4229
	36.9869
	49.5749
	92.2576
	94.2425
	95.5108
219 15
	4.98865
	5.02194
	7.33556
	8.11493
	20.6262
	53.9852
	54.4128
	66.6308
	69.8623
	74.6028
	79.0773
	79.9749
	81.401
	97.7015
	99.3772
220 33
	7.46391
	7.84065
	9.26581
	29.1003
	32.01
	51.4516
	52.8093
	53.2711
	53.6979
	55.678
	63.112
	63.5514
	64.7441
	66.0491
	73.7844
	76.4581
	76.8269
	77.1426
	77.2396
	77.7885
	79.4358
	79.5046
	80.1297
	80.655
	81.4163
	81.8108
	82.3001
	82.7802
	83.7396
	87.2056
	87.6137
	88.9798
	91.8085
221 13
	9.68356
	17.5234
	19.5863
	24.2496
	33.707
	48.5802
	48.5829
	60.3926
	66.1664
	67.6274
	69.3664
	72.8007
	79.6713
222 13
	6.07631
	6.46057
	20.7326
	27.8895
	31.7316
	38.1765
	60.9353
	62.2795
	77.4268
	92.4459
	93.0549
	93.7364
	99.0666
223 22
	11.8181
	12.9128
	16.2355
	16.7693
	16.9531
	18.5017
	19.0689
	19.1989
	34.7589
	35.6088
	49.8042
	54.157
	67.2399
	67.7038
	68.3316
	82.8418
	84.018
	88.2339
	91.1729
	91.604
	91.8681
	91.9645
224 21
	32.008
	33.0294
	33.1119
	34.4969
	35.0188
	35.1021
	35.3143
	38.2332
	47.3844
	47.5626
	47.9298
	48.1904
	57.7045
	60.1145
	72.2923
	73.5947
	73.8253
	81.4912
	97.7451
	97.9091
	99.266
225 24
	8.44376
	15.7015
	50.0296
	51.4071
	51.6606
	52.7248
	53.1097
	53.2849
	53.7341
	53.8905
	54.1422
	54.3696
	54.6954
	61.4586
	71.501
	76.6661
	92.3052
	92.7386
	95.8901
	96.5807
	96.8849
	98.3539
	98.9497
	99.6583
226 26
	10.1803
	10.4969
	10.5764
	11.4478
	24.2506
	39.9419
	41.7351
	41.9026
	42.0434
	49.3497
	52.2069
	52.7025
	53.821
	53.8498
	55.0384
	56.1636
	63.0581
	63.3107
	68.3018
	69.1942
	85.9819
	86.1152
	90.317
	91.097
	92.4894
	94.6043
227 11
	18.696
	18.7369
	36.6281
	37.2907
	38.7238
	59.611
	60.2109
	61.5363
	61.6711
	62.4407
	68.1378
228 26
	3.22193
	24.5454
	25.0292
	25.6535
	26.4804
	27.3912
	28.1466
	29.7599
	31.4141
	41.3708
	43.6831
	43.7282
	44.642
	45.5773
	46.7945
	65.4869
	66.4924
	67.9422
	70.0707
	70.1906
	71.3757
	71.3829
	83.1913
	83.7291
	83.7993
	83.9339
229 17
	4.26821
	5.6261
	6.14682
	10.2063
	10.6039
	14.5266
	33.1339
	40.6752
	47.6082
	57.5828
	65.7466
	72.7161
	80.4455
	85.9005
	90.333
	94.5898
	95.0812
230 19
	12.0979
	12.4032
	25.9342
	27.9905
	40.3006
	42.7653
	47.0215
	48.2083
	51.3497
	55.3051
	55.5473
	56.0934
	57.3753
	58.0361
	58.1366
	67.6981
	76.8996
	91.7534
	94.7465
231 20
	4.21639
	5.82322
	8.48669
	20.2715
	20.5755
	32.6689
	39.0234
	51.2234
	51.4535
	51.6693
	52.4329
	53.1229
	56.1533
	62.609
	63.4335
	64.4955
	72.7865
	94.3422
	94.5668
	95.3784
232 27
	12.5273
	13.1887
	14.4346
	14.7702
	15.1401
	15.2361
	15.4103
	16.1193
	18.8221
	19.1656
	19.6733
	20.3486
	20.5372
	20.6012
	20.8954
	21.025
	21.7247
	28.3485
	40.3521
	54.3913
	61.3495
	62.3826
	86.9905
	87.0642
	97.4684
	98.227
	99.1745
233 14
	2.3646
	2.43595
	3.20812
	3.51314
	35.9194
	38.6148
	39.18
	47.0628
	58.0531
	66.7619
	71.4409
	73.2357
	95.2884
	95.4671
234 31
	6.73745
	7.7293
	7.98426
	8.79896
	8.98786
	32.2006
	35.2052
	37.7436
	70.2793
	71.7902
	73.1077
	74.1257
	74.2632
	74.5217
	75.9692
	77.3169
	79.4477
	80.1943
	80.6373
	81.1551
	82.4801
	82.5218
	83.7612
	84.1017
	85.8124
	91.012
	91.4721
	91.4972
	97.7867
	98.2309
	99.7385
235 19
	0.171117
	20.1322
	23.9794
	26.5584
	26.5746
	26.7272
	36.9037
	47.7889
	60.3705
	63.5431
	65.5546
	65.7191
	66.0658
	66.2691
	67.3209
	71.5119
	72.2736
	80.9589
	84.6511
236 30
	2.09781
	2.5042
	2.94767
	4.04251
	5.87765
	12.9173
	17.7053
	22.9611
	26.337
	35.0462
	35.5346
	39.9994
	41.2322
	48.6364
	51.0687
	52.7812
	54.1609
	78.9645
	80.9461
	81.1339
	81.4668
	82.5684
	83.5853
	84.7584
	84.7741
	87.6427
	88.6984
	90.8875
	96.5243
	97.3716
237 36
	1.15118
	3.24198
	3.89338
	4.00782
	4.7411
	11.0685
	11.4518
	16.1662
	16.799
	34.2143
	34.5041
	34.9221
	35.2665
	36.792
	37.2022
	37.4802
	39.0938
	39.2497
	39.3035
	39.3078
	39.5513
	39.5783
	47.57
	47.6441
	47.8551
	48.8892
	50.1591
	51.9068
	55.4108
	62.8628
	80.605
	95.4715
	95.5435
	97.5069
	97.5277
	98.9744
238 22
	9.12448
	9.25778
	11.0322
	20.0784
	22.1249
	22.7341
	23.8161
	25.0852
	29.7525
	42.1505
	64.7457
	64.9773
	69.3263
	70.4288
	72.8041
	83.4752
	83.5837
	94.6398
	96.8342
	97.093
	97.3083
	98.0169
239 13
	8.95955
	10.9832
	35.8993
	46.8575
	51.4575
	68.7626
	70.6254
	74.6345
	75.2016
	75.3406
	76.9917
	84.782
	91.2364
240 23
	18.6292
	23.0988
	24.1602
	24.4865
	25.3182
	41.5396
	46.177
	51.7366
	53.4999
	55.5349
	56.0778
	56.354
	59.8241
	65.2401
	68.996
	68.9999
	69.1063
	82.089
	88.4483
	96.1987
	96.8175
	98.9865
	99.79
241 45
	1.51434
	2.02959
	3.54737
	6.48281
	8.14829
	11.4728
	11.5193
	13.0872
	15.7373
	27.8181
	34.295
	36.9706
	37.0774
	40.0187
	40.8055
	48.5931
	48.6134
	48.6544
	55.797
	56.4175
	58.2948
	58.9289
	60.005
	62.128
	67.4351
	67.4748
	68.1138
	68.1277
	68.2219
	68.616
	69.0597
	69.2642
	69.4263
	70.1494
	70.8946
	70.9945
	71.1961
	72.347
	72.3844
	73.5865
	73.5877
	75.0727
	75.2945
	75.306
	85.3287
242 14
	20.0654
	21.5447
	22.544
	27.3028
	28.3675
	32.8228
	47.8114
	53.6513
	67.1004
	74.8342
	80.2547
	94.0268
	95.0759
	95.1047
243 21
	8.55629
	21.0784
	32.8332
	35.1067
	36.3302
	37.4195
	37.6529
	38.0137
	38.2623
	38.4453
	38.5392
	38.9268
	39.5952
	39.9449
	40.3303
	40.8671
	41.3411
	43.925
	50.4888
	64.6569
	77.1813
244 22
	6.55903
	7.01401
	7.33161
	7.77867
	11.402
	38.0908
	43.1118
	43.8068
	43.8709
	44.2679
	48.2562
	59.3784
	60.2399
	62.1733
	69.9945
	85.9293
	93.3711
	95.3768
	95.6458
	97.2322
	98.4953
	99.7035
245 17
	0.347513
	14.0386
	14.6482
	15.5586
	21.0288
	25.9976
	27.068
	43.4521
	44.1784
	66.9499
	72.8162
	73.7459
	74.5012
	75.0111
	75.9967
	98.7277
	99.6454
246 30
	10.13
	17.4664
	32.0143
	32.0172
	32.0355
	32.3313
	32.7926
	32.9571
	33.0852
	33.3173
	33.3309
	33.3559
	33.4759
	33.49
	33.8919
	34.0695
	34.1881
	41.3389
	41.9303
	46.0644
	66.9586
	67.4925
	68.1856
	69.2792
	72.1497
	74.7806
	77.4255
	86.3877
	86.4509
	90.2269
247 26
	10.7298
	11.5847
	12.0198
	12.8523
	14.6946
	16.5803
	27.6419
	34.6565
	35.5707
	35.6916
	35.827
	36.0505
	46.7031
	46.9981
	47.7366
	47.9103
	47.999
	48.0244
	49.5946
	49.8083
	69.9361
	73.5234
	73.7207
	74.2408
	75.8312
	93.8329
248 14
	8.05701
	20.5436
	21.1394
	24.0071
	44.3907
	67.373
	69.8545
	75.4437
	75.4453
	75.8341
	77.4344
	77.969
	79.8812
	83.6159
249 11
	15.4825
	15.7286
	21.3432
	21.3614
	22.6844
	46.2364
	73.4077
	73.5328
	74.3699
	74.8715
	84.7223
250 31
	8.19826
	16.4968
	16.6457
	18.5283
	23.5748
	25.2273
	30.9951
	31.6642
	31.7633
	32.0659
	35.8237
	38.0193
	39.8264
	40.0631
	40.9492
	47.0682
	48.4539
	60.2071
	65.1962
	76.0385
	78.338
	79.5984
	81.2596
	85.4296
	85.8629
	87.4935
	89.5858
	90.2852
	90.2872
	94.8291
	95.8511
251 22
	7.06478
	20.9565
	25.5754
	25.9884
	31.493
	43.9933
	44.796
	47.7296
	56.5031
	60.5774
	61.8263
	65.7091
	71.296
	71.3278
	76.0233
	79.8684
	81.4845
	83.115
	84.9037
	88.2935
	89.4642
	89.8198
252 25
	35.3471
	36.1413
	37.1016
	37.9511
	46.772
	47.2527
	51.38
	51.9706
	71.4367
	71.9872
	73.6768
	74.7775
	76.0054
	78.3538
	78.3605
	78.5297
	78.6046
	79.4806
	85.7088
	88.3888
	88.6021
	89.9499
	90.5668
	94.0471
	99.9425
253 29
	6.5054
	10.1928
	15.6032
	16.7162
	17.2118
	21.7041
	27.6353
	28.3468
	29.0157
	29.4918
	31.2124
	31.5101
	31.5205
	31.7871
	32.0241
	32.9496
	37.0137
	40.6282
	41.7262
	52.3287
	52.3824
	56.3554
	56.7669
	58.5699
	59.038
	59.0433
	65.7872
	66.0001
	95.6299
254 26
	12.344
	12.8763
	13.3815
	13.4982
	17.2131
	38.8324
	39.727
	39.8738
	39.9761
	40.4265
	40.6475
	40.9192
	41.078
	42.3048
	43.0205
	43.622
	45.0628
	61.1293
	67.3448
	68.7128
	78.0432
	78.1644
	78.2892
	78.4084
	80.1964
	90.4834
255 24
	8.60456
	10.5384
	24.6979
	26.1782
	26.2193
	30.8074
	61.7859
	64.7765
	71.5093
	73.0072
	73.1489
	73.178
	73.3039
	75.0414
	76.0147
	79.5311
	85.4177
	89.4649
	89.4804
	89.8393
	90.3396
	91.2216
	97.476
	97.7547
256 27
	11.5958
	13.8151
	14.4741
	15.1687
	16.5544
	17.2038
	17.2365
	25.0353
	25.1513
	25.3398
	27.2758
	30.1336
	30.9966
	46.2066
	49.2277
	50.0283
	63.0676
	63.8859
	64.0579
	74.0518
	74.4082
	74.5081
	74.509
	74.5194
	75.1802
	77.9339
	82.9548
257 22
	5.64394
	20.5541
	36.7022
	37.3405
	38.5983
	38.9625
	39.2411
	39.9132
	56.0034
	57.3884
	60.7895
	62.5856
	69.4403
	72.3319
	77.0022
	80.2007
	88.2815
	94.4949
	95.6
	95.852
	95.942
	99.9563
258 25
	5.12732
	6.2262
	6.47647
	6.54345
	25.4003
	25.4604
	26.3352
	26.781
	27.0425
	27.2967
	30.6687
	30.703
	31.3686
	34.0656
	35.1214
	36.8751
	46.8705
	49.4279
	72.085
	73.0318
	74.7815
	78.1187
	91.3089
	95.3578
	99.0863
259 14
	4.15496
	4.48248
	4.50377
	4.74603
	5.99213
	6.51785
	8.37368
	14.0703
	24.2952
	47.7674
	56.8603
	68.9505
	77.9239
	91.0433
260 11
	0.0402051
	0.177712
	17.0452
	17.2912
	17.7167
	48.1841
	56.4188
	59.1935
	77.5638
	88.2628
	95.3506
261 19
	7.91166
	9.24486
	10.8371
	13.1006
	28.8995
	29.0697
	30.428
	30.7309
	31.4598
	32.039
	39.801
	47.8162
	48.5822
	50.2627
	60.3697
	90.4743
	90.4767
	98.6419
	99.1843
262 20
	16.0289
	17.7272
	18.3112
	19.0229
	19.0519
	32.9098
	59.9156
	61.7816
	62.4686
	62.7138
	64.6221
	82.1438
	89.7188
	90.7149
	91.284
	94.2804
	94.3339
	94.8654
	98.3798
	98.8659
263 24
	22.4134
	25.9911
	32.2694
	32.6618
	53.345
	57.633
	58.5318
	58.5654
	66.6292
	70.0178
	72.1777
	72.44
	73.7001
	73.7138
	74.5576
	74.5854
	79.5752
	81.9589
	83.3819
	85.3382
	87.6961
	87.8342
	90.9222
	95.8001
264 29
	0.515077
	0.808806
	2.30364
	21.7758
	22.1086
	29.4389
	29.972
	31.031
	38.6646
	40.6042
	42.0142
	49.4354
	49.4619
	49.5014
	49.5128
	51.3342
	51.5039
	51.8708
	57.6921
	59.332
	60.1133
	62.4089
	65.7891
	65.8103
	66.1625
	67.1365
	85.0122
	85.6319
	87.6473
265 37
	4.49368
	4.79836
	5.2103
	7.65321
	7.69115
	7.73882
	8.11519
	8.27089
	11.0753
	16.4588
	16.5304
	17.9505
	18.4127
	27.6355
	29.9837
	31.3495
	31.5157
	31.5232
	31.5434
	31.6158
	31.9412
	32.2193
	32.8753
	51.0994
	55.8646
	67.2133
	68.0398
	69.2815
	69.6462
	69.6701
	70.3596
	73.6573
	75.5186
	88.8869
	89.0599
	94.9457
	96.5599
266 17
	1.41428
	18.7696
	26.0137
	29.5073
	50.5933
	52.9214
	67.4871
	67.8781
	68.0574
	68.0948
	68.1055
	70.522
	73.0976
	73.3504
	73.6434
	73.8806
	90.1945
267 17
	15.6904
	20.8243
	26.1239
	41.9428
	46.8915
	67.5323
	73.2062
	81.2289
	81.6095
	82.0828
	82.147
	82.1775
	85.7572
	92.6892
	93.1234
	95.1845
	97.31
268 20
	0.441875
	9.34444
	15.0812
	16.4905
	25.3346
	34.0503
	34.0652
	40.5686
	44.3032
	51.3165
	53.721
	56.009
	59.5008
	62.3817
	62.545
	70.7252
	93.6238
	94.3922
	97.9624
	98.7187
269 53
	3.70152
	6.78566
	7.91731
	8.10052
	8.36089
	8.38882
	8.39118
	8.40516
	9.4258
	9.94297
	10.4725
	10.4853
	18.1992
	20.9896
	21.4883
	23.5159
	24.1214
	24.6752
	24.7623
	25.3388
	25.5838
	26.0126
	26.0126
	26.1001
	28.1789
	37.209
	38.6356
	39.0127
	39.0234
	39.3108
	39.3592
	39.3802
	39.7133
	40.6995
	41.8931
	43.2455
	43.5901
	43.7535
	55.1364
	57.0039
	58.2104
	60.2629
	61.3047
	67.2041
	71.8299
	74.6019
	76.0224
	86.9187
	87.3316
	90.0756
	91.96
	98.5633
	99.9068
270 18
	13.22
	14.7131
	16.6985
	23.5513
	23.8153
	23.8764
	23.9536
	24.4791
	28.6524
	39.6666
	44.9674
	48.1302
	49.5048
	64.3047
	76.6623
	77.4715
	77.8472
	78.2306
271 15
	3.37681
	28.1135
	28.1601
	31.3517
	36.0808
	36.5725
	74.5416
	87.687
	88.4682
	91.79
	92.712
	92.7673
	92.783
	95.8004
	98.2093
272 9
	20.2201
	20.4406
	27.8749
	41.2078
	56.9782
	57.4922
	60.2724
	93.2476
	93.5659
273 25
	3.59197
	23.8261
	28.2671
	28.6587
	33.9704
	34.1407
	34.3913
	34.7731
	35.11
	35.5967
	35.9576
	40.6957
	45.1325
	46.122
	74.9619
	77.827
	79.1127
	79.2591
	79.4385
	79.9086
	80.2805
	81.8468
	83.2922
	89.5331
	99.1459
274 32
	5.65272
	8.99104
	17.1312
	17.9573
	17.9807
	18.8286
	19.2147
	23.7387
	25.101
	25.3635
	27.4068
	27.681
	27.7449
	30.9981
	32.0568
	33.0997
	42.918
	43.008
	43.5976
	44.2728
	68.1645
	68.2314
	75.3481
	75.3488
	75.8061
	76.7045
	79.255
	91.0854
	94.0556
	95.9051
	99.1593
	99.2011
275 17
	1.85835
	1.93241
	14.0633
	25.7808
	26.9774
	27.1979
	27.8411
	37.2424
	37.5368
	41.0192
	44.1915
	61.8999
	66.0675
	70.5829
	76.9625
	77.9655
	86.9521
276 12
	11.9912
	12.0159
	67.2313
	68.0018
	72.4827
	73.9443
	74.618
	76.8484
	92.5446
	93.4327
	94.1284
	94.1986
277 21
	6.81732
	9.60682
	12.582
	18.2179
	28.4239
	28.4999
	29.6892
	30.4575
	38.5656
	46.7564
	46.8701
	47.4687
	63.3964
	64.3314
	75.5729
	79.6347
	86.5403
	87.7053
	88.4376
	88.5584
	90.7713
278 22
	1.52458
	13.5131
	13.7249
	36.0979
	36.2823
	36.3543
	36.5236
	37.4673
	37.4965
	37.7938
	38.174
	39.4276
	39.4927
	41.1791
	55.5467
	56.2827
	56.5757
	58.3976
	74.6856
	87.0644
	89.923
	94.8872
279 22
	8.29573
	8.66511
	22.2058
	27.4667
	28.1257
	42.3452
	42.5037
	43.6145
	43.7573
	48.1206
	49.3213
	49.7217
	49.8783
	50.7912
	51.2824
	58.037
	60.7328
	65.7938
	74.8806
	84.2013
	94.5364
	94.9625
280 11
	2.84155
	8.60165
	10.2025
	25.1711
	28.4857
	49.1153
	51.7103
	82.8828
	83.1284
	93.5237
	96.4347
281 24
	2.0687
	14.4378
	15.1557
	49.1091
	49.6842
	49.6867
	50.181
	51.2628
	51.6112
	51.7319
	72.8256
	78.2671
	81.7189
	82.2878
	82.577
	83.4334
	88.5349
	91.0124
	91.3146
	91.4219
	92.6495
	92.7682
	96.1499
	99.2657
282 33
	0.699753
	0.845379
	11.4238
	17.9841
	20.1012
	41.8404
	42.7439
	44.2166
	52.0947
	67.1825
	70.0644
	70.6129
	81.8149
	87.0305
	87.2686
	88.043
	89.1664
	89.3124
	89.4419
	89.4549
	89.4822
	89.7252
	89.7311
	89.8228
	90.0227
	90.0883
	90.1423
	90.2017
	90.9325
	92.8237
	94.9272
	95.7936
	97.2595
283 21
	10.1762
	23.1963
	23.3843
	30.9649
	31.0065
	31.2676
	32.5177
	40.1287
	40.2211
	41.0109
	53.7235
	53.9437
	55.1034
	64.2777
	69.7854
	71.5771
	72.3558
	75.6866
	87.0476
	87.1389
	99.1735
284 14
	7.76111
	8.95809
	9.04793
	13.1054
	17.117
	19.5316
	20.2557
	32.1973
	57.076
	58.7265
	74.5462
	79.9405
	80.8865
	98.8416
285 16
	2.64747
	14.5188
	20.4312
	20.9361
	21.6657
	23.0819
	26.8903
	27.226
	37.3545
	54.1511
	57.9755
	69.1673
	73.0544
	74.5471
	78.8644
	81.0434
286 12
	2.97785
	4.95227
	22.7369
	24.3564
	34.8014
	38.7506
	39.8307
	40.043
	42.9493
	49.2721
	80.9994
	97.5245
287 18
	3.89181
	23.8825
	36.822
	43.1564
	44.505
	69.5169
	69.6987
	70.5553
	71.6932
	71.7309
	71.8248
	72.6985
	72.7893
	77.2105
	77.6616
	78.5862
	80.1426
	80.8705
288 17
	3.19717
	4.97527
	11.5163
	12.1714
	30.3519
	63.8688
	67.5333
	70.4218
	82.7683
	92.7772
	94.1625
	95.3137
	95.541
	95.5984
	95.9901
	96.0195
	99.7052
289 19
	5.23612
	6.06786
	8.91811
	13.1812
	14.2416
	18.8946
	22.5722
	23.138
	24.3335
	25.8095
	25.9697
	26.3643
	26.6916
	33.0546
	34.0217
	34.3493
	55.5482
	55.5644
	55.8885
290 24
	4.93841
	10.0094
	10.2203
	10.9038
	12.9365
	28.9322
	29.5298
	30.0991
	31.0464
	37.3259
	37.6741
	37.7879
	56.2288
	56.2957
	56.7954
	57.5308
	58.2333
	58.5586
	70.9663
	72.4496
	77.363
	77.4054
	78.5811
	83.3203
291 26
	1.5298
	3.41729
	16.8613
	19.3604
	32.8283
	33.3362
	33.703
	34.6204
	44.0833
	44.7405
	49.0262
	76.6967
	79.8479
	82.2753
	82.8352
	84.1885
	84.9387
	87.6498
	89.5116
	89.5237
	89.6221
	89.8664
	89.9433
	90.1971
	90.3397
	96.0626
292 11
	26.5753
	30.1094
	35.8927
	39.2353
	58.5571
	58.6932
	60.3197
	76.0898
	76.1842
	84.3397
	91.8194
293 19
	35.4203
	40.9287
	41.1056
	41.9928
	42.6916
	42.8299
	43.2992
	60.8956
	65.438
	67.3435
	67.4896
	67.6191
	67.7551
	71.4903
	78.2394
	87.2853
	99.2491
	99.2792
	99.7147
294 44
	4.51537
	12.4351
	12.4889
	13.1775
	13.4469
	14.5175
	15.6394
	22.3942
	24.8488
	32.6423
	33.0229
	33.1354
	33.4198
	36.6709
	39.1688
	41.208
	42.5608
	44.5023
	52.0407
	52.1652
	52.3295
	52.3878
	55.4492
	58.1229
	67.3008
	67.7752
	67.8842
	68.0476
	68.3076
	68.6589
	68.6657
	68.8022
	70.2417
	71.0789
	71.2245
	75.658
	77.9815
	79.0541
	79.1433
	79.3208
	79.7831
	80.8607
	83.9829
	90.5997
295 40
	1.49584
	2.0278
	4.90342
	5.38952
	5.39542
	5.70591
	5.77272
	6.62078
	6.66029
	6.71501
	7.35186
	7.59983
	8.18885
	11.7388
	13.3125
	18.9233
	21.7825
	22.1991
	22.2338
	27.5436
	27.7589
	33.6292
	51.9662
	52.538
	54.0683
	55.8487
	57.3128
	57.8906
	59.4485
	61.0775
	61.1865
	61.417
	61.6933
	68.0303
	82.1568
	82.8768
	83.3019
	85.1291
	92.3108
	97.201
296 31
	5.99808
	6.44309
	6.72655
	6.99921
	8.47044
	8.66314
	8.71456
	9.09284
	9.36363
	10.0205
	10.3997
	10.5098
	10.6503
	11.2779
	23.7851
	42.2526
	42.5069
	43.2009
	46.0215
	49.6958
	51.9154
	51.9332
	52.6316
	53.6065
	77.8954
	82.3768
	83.2389
	84.5071
	91.8512
	92.8231
	93.2538
297 15
	1.4676
	3.39287
	13.6928
	24.7468
	39.0253
	39.3386
	40.1803
	44.9167
	49.4022
	49.5861
	52.3709
	93.8689
	99.3078
	99.75
	99.7728
298 7
	7.49264
	17.4297
	18.4532
	19.3333
	26.4336
	29.7958
	91.3507
299 14
	19.1995
	44.9799
	49.3942
	51.3546
	55.4627
	71.3644
	72.7056
	74.0712
	74.328
	80.4481
	83.0725
	83.5779
	86.0522
	88.4834
300 32
	5.78132
	5.94439
	6.33759
	7.5038
	8.36282
	8.54458
	12.5992
	12.7727
	13.0928
	13.0993
	13.131
	13.8263
	14.4494
	15.4884
	24.6291
	25.1193
	25.4547
	25.5568
	29.4334
	30.913
	31.6049
	31.639
	32.0052
	33.3838
	43.9403
	44.0521
	65.4796
	74.6903
	76.5401
	80.2481
	83.3397
	83.4026
301 31
	10.2849
	16.0357
	16.3745
	23.7407
	23.7829
	24.4074
	24.5082
	58.3526
	59.9978
	64.6097
	65.233
	66.2135
	66.2149
	66.8442
	67.0502
	67.3725
	67.456
	69.8586
	71.0771
	83.8551
	84.2677
	84.4012
	87.1332
	87.471
	93.0614
	97.5107
	97.8387
	98.3279
	98.5138
	99.0474
	99.4733
302 24
	11.5777
	12.5594
	27.0688
	27.484
	28.496
	46.2748
	47.2617
	56.3819
	57.0566
	57.6254
	57.7374
	58.0951
	58.2307
	59.1798
	61.4379
	63.1951
	63.5149
	88.2802
	88.3475
	94.0407
	95.1247
	97.7105
	98.3743
	98.4042
303 8
	0.952985
	36.9004
	55.4284
	72.9853
	78.5327
	80.2488
	81.7289
	86.5924
304 12
	9.38399
	9.68581
	25.0254
	25.3824
	30.137
	31.0976
	41.5038
	54.8488
	81.3419
	82.1195
	82.4572
	82.768
305 10
	17.3821
	49.8316
	49.8631
	63.6381
	67.4839
	70.1238
	76.0497
	79.6565
	79.6991
	87.0729
306 13
	1.24541
	58.9991
	59.0037
	66.0271
	66.3442
	66.714
	66.8228
	66.9336
	66.9716
	66.9855
	67.6195
	68.3734
	75.1699
307 7
	2.86725
	18.3819
	18.7244
	19.9811
	25.9575
	27.8908
	81.8372
308 14
	5.66721
	5.67107
	5.76759
	23.347
	26.6056
	27.9734
	29.5619
	30.3554
	31.5948
	35.0217
	38.1821
	39.0719
	39.1095
	91.5107
309 14
	0.893527
	4.70686
	5.27867
	6.00944
	14.7705
	17.311
	18.4387
	24.7858
	62.7589
	67.4572
	73.0879
	76.7359
	79.7443
	92.6308
310 14
	2.32837
	8.59598
	13.4901
	24.976
	25.6071
	27.4177
	28.159
	63.9551
	67.3487
	81.3392
	81.3806
	85.3588
	93.6611
	97.6056
311 13
	25.0651
	52.0667
	53.149
	54.2117
	60.8986
	77.8412
	78.7123
	79.2583
	81.3584
	81.7578
	82.5624
	85.7167
	89.4877
312 13
	22.0508
	23.6805
	37.3774
	42.6371
	43.4069
	62.3142
	75.0487
	76.1532
	79.2304
	81.0876
	84.4844
	89.9787
	98.3218
313 17
	10.4786
	19.9936
	20.0018
	21.4623
	22.1507
	25.9125
	32.1538
	34.8708
	40.4543
	44.3577
	44.5205
	45.4667
	46.4696
	57.0618
	76.2762
	78.0161
	87.0997
314 16
	8.16469
	8.268
	12.269
	17.2178
	20.2326
	21.5812
	22.0373
	29.6973
	38.6096
	43.4462
	74.485
	75.9026
	88.6869
	90.6311
	92.1266
	96.3732
315 11
	31.1541
	33.4783
	43.6035
	44.0002
	46.4497
	74.4624
	76.2217
	76.3934
	84.2389
	84.4574
	85.797
316 10
	7.86506
	10.4409
	14.4633
	29.4914
	29.7537
	29.9148
	38.3937
	42.454
	82.3242
	95.0538
317 14
	21.1273
	22.9422
	23.5319
	28.4726
	30.9763
	33.7825
	33.8964
	46.4278
	52.3037
	58.4015
	69.5835
	74.4619
	86.0365
	96.0795
318 7
	0.565069
	6.39858
	52.0402
	57.8506
	66.7657
	70.7259
	75.4891
319 12
	7.51827
	9.30727
	28.3329
	31.7651
	36.8427
	37.144
	37.4011
	38.0182
	68.891
	71.1585
	75.8646
	88.5045
320 18
	1.01143
	5.89692
	15.6553
	17.4955
	18.573
	18.7427
	23.7237
	27.3158
	39.0164
	43.2245
	43.6628
	50.3693
	57.4671
	58.4069
	70.8117
	82.3074
	82.6468
	98.739
321 4
	79.2109
	83.5645
	87.3234
	99.4276
322 11
	0.127685
	0.877014
	26.6634
	27.5504
	28.0898
	33.6849
	34.6087
	48.831
	57.742
	80.0688
	88.6466
323 10
	1.60555
	13.6504
	13.8401
	32.5822
	33.647
	40.6081
	54.0835
	56.0101
	83.0615
	96.9494
324 25
	11.982
	14.5291
	15.4736
	21.7236
	25.7178
	29.3734
	30.8369
	33.9054
	48.5167
	48.7563
	48.9143
	51.9328
	59.0056
	59.3341
	59.5874
	60.0126
	60.7014
	71.9765
	74.6764
	75.0862
	80.9968
	82.1587
	84.3071
	90.2241
	93.0534
325 16
	6.18233
	17.6125
	17.7144
	32.606
	34.7385
	38.6986
	44.7879
	45.9529
	61.6093
	84.787
	85.8695
	87.671
	88.5897
	88.715
	94.7686
	99.1986
326 23
	8.31195
	8.70467
	12.8858
	13.3146
	30.2817
	30.4677
	31.6191
	32.6541
	32.7748
	33.4812
	35.0121
	35.5257
	35.6129
	40.7979
	41.8262
	42.4422
	60.402
	66.8269
	75.9259
	91.5137
	91.9053
	92.5192
	94.7345
327 11
	10.1751
	51.3473
	61.0107
	61.0112
	65.1826
	68.3662
	71.4761
	78.1449
	83.9789
	88.1569
	96.5348
328 13
	19.7018
	25.1259
	30.4019
	48.9256
	57.5247
	58.3016
	59.7313
	62.471
	67.8011
	69.5274
	79.9926
	85.7885
	91.5567
329 24
	3.12988
	3.18113
	4.03032
	4.15432
	4.62134
	5.31991
	7.25176
	8.18321
	8.35845
	9.12846
	25.6026
	25.8107
	31.9694
	43.7324
	49.3206
	49.4509
	58.8794
	63.8463
	66.0494
	71.6649
	85.5404
	90.6921
	95.4443
	95.7716
330 13
	25.4343
	41.814
	57.9216
	62.5829
	63.8691
	70.252
	88.1337
	96.7696
	96.8731
	96.8975
	97.0958
	97.1253
	97.482
331 27
	5.27279
	10.0743
	19.6836
	21.8625
	32.3406
	38.0989
	38.1394
	38.7172
	42.4862
	42.9997
	50.4119
	52.7882
	53.6811
	55.0899
	64.9661
	66.4864
	66.7608
	85.6808
	93.7358
	94.0225
	94.0587
	94.1253
	94.8218
	95.3386
	96.3891
	96.9713
	97.6316
332 10
	1.12428
	12.1683
	12.1906
	14.9754
	47.3484
	50.4733
	51.1394
	51.7872
	70.2021
	85.277
333 13
	6.33061
	20.5958
	30.1967
	30.9743
	31.5588
	33.0409
	41.8981
	48.5185
	63.9562
	92.7111
	93.0347
	94.8993
	96.6954
334 10
	7.68015
	15.7324
	22.9559
	47.0347
	70.6158
	72.3894
	72.5486
	78.976
	80.4203
	82.7567
335 11
	4.77618
	25.8465
	32.1093
	33.0683
	53.3177
	54.9066
	57.4005
	58.1024
	58.2335
	93.5264
	96.253
336 13
	0.413346
	1.3612
	2.09402
	35.8008
	36.1846
	36.66
	38.9986
	39.3458
	39.6618
	39.7083
	51.3347
	71.1397
	89.1026
337 19
	4.25871
	10.7681
	17.773
	18.0296
	18.1266
	28.5211
	37.1947
	37.8387
	53.5677
	53.6522
	54.7605
	67.0728
	75.2993
	75.3135
	75.6979
	78.7357
	79.6848
	87.5586
	89.7918
338 24
	18.9884
	29.1088
	33.1845
	52.6005
	53.1904
	53.2636
	53.8357
	53.8625
	54.1252
	56.6081
	57.9279
	58.8327
	59.0511
	59.2484
	64.5063
	64.8688
	65.5726
	66.5857
	66.9136
	74.0222
	77.395
	91.9745
	92.1955
	98.6602
339 9
	2.83896
	18.3162
	20.3268
	20.4739
	39.473
	39.5538
	62.1691
	95.0474
	97.6748
340 21
	4.16658
	4.82977
	5.19296
	10.214
	15.8172
	18.3189
	26.863
	27.4543
	27.7759
	27.8599
	27.9474
	37.2165
	38.7917
	39.4905
	41.197
	44.4722
	48.4935
	61.0702
	73.2707
	73.4601
	87.6412
341 5
	42.5505
	43.5308
	56.2649
	77.15
	98.5484
342 14
	13.0955
	23.4325
	27.5002
	28.3984
	33.15
	37.2114
	37.4956
	38.0421
	38.844
	46.7242
	49.4834
	64.5856
	69.7149
	80.8924
343 16
	2.01576
	6.87386
	7.6081
	8.37462
	19.0577
	20.1404
	22.4216
	39.9679
	40.0667
	48.4289
	59.4852
	62.1574
	73.5172
	73.748
	74.1595
	92.7512
344 19
	8.44516
	15.1826
	19.3698
	21.1537
	21.2608
	22.8243
	22.8742
	24.5243
	25.27
	46.0783
	47.4034
	67.5205
	73.2772
	80.5684
	80.585
	81.4621
	90.3453
	97.8093
	98.7136
345 12
	0.9734
	5.06808
	5.23611
	9.40269
	9.96888
	10.4541
	51.9686
	56.242
	56.3528
	57.0592
	58.8511
	77.7601
346 10
	6.98969
	17.3078
	19.0653
	19.2305
	22.1958
	47.7175
	48.2306
	67.4236
	73.1512
	87.5344
347 26
	1.3898
	9.30676
	13.5434
	14.215
	15.7806
	16.026
	16.1756
	16.1786
	16.2363
	16.574
	17.168
	24.0422
	24.0884
	52.2328
	60.1958
	71.1773
	71.2922
	71.9991
	72.3724
	72.714
	72.8523
	73.0176
	78.6872
	78.7887
	79.076
	80.8799
348 11
	8.07275
	18.4357
	28.475
	33.8578
	49.1933
	51.8078
	57.2875
	63.3912
	65.1
	66.1707
	75.2276
349 28
	7.6606
	8.64249
	8.87695
	9.5204
	9.5996
	11.4132
	16.2473
	17.8861
	17.9689
	18.6053
	18.8685
	19.5587
	31.7509
	32.1111
	33.2458
	37.3703
	37.8903
	43.4568
	49.5181
	60.7738
	65.3152
	72.5617
	73.7059
	73.7736
	77.3189
	78.8247
	79.62
	86.945
350 16
	5.18719
	8.61839
	10.5022
	10.859
	21.4915
	28.1891
	29.9896
	29.9947
	30.7508
	55.7541
	65.6142
	68.4867
	70.283
	83.2076
	92.9674
	99.0684
351 16
	7.98709
	17.6755
	19.2167
	22.6311
	35.1323
	44.6451
	44.8823
	46.0907
	60.6054
	61.4515
	61.8986
	62.9813
	75.3318
	78.6247
	82.0951
	97.6377
352 8
	9.27829
	44.6857
	45.1785
	45.296
	45.8153
	87.086
	89.1899
	90.7555
353 12
	4.73803
	5.70803
	10.2365
	27.0844
	27.3402
	35.6489
	37.7659
	39.3284
	40.4456
	64.3054
	72.6555
	97.0154
354 17
	1.65914
	18.8512
	24.0848
	25.0494
	34.6512
	51.2427
	51.3714
	52.9713
	57.6191
	73.4814
	79.6791
	80.8221
	81.0066
	81.2325
	81.8032
	82.3597
	95.9159
355 19
	0.877252
	0.890147
	3.5051
	3.64586
	4.66456
	5.07032
	9.13821
	29.7088
	30.3844
	33.9681
	58.9264
	62.1321
	73.6611
	88.7134
	92.2835
	98.3016
	98.6848
	99.3147
	99.5251
356 13
	5.37095
	8.83627
	9.95926
	18.2134
	36.703
	37.0276
	45.0846
	67.2097
	68.7574
	75.8672
	80.7223
	90.9326
	95.9191
357 12
	2.42732
	3.80843
	7.26088
	28.9428
	31.9269
	33.9952
	59.9418
	65.2126
	80.6272
	83.472
	88.6313
	94.1679
358 16
	3.28994
	3.64592
	5.79511
	12.6453
	12.6815
	31.9717
	42.7318
	52.0547
	52.6646
	52.8151
	55.6766
	58.9454
	74.7019
	75.3131
	92.2237
	93.8859
359 16
	4.41862
	14.2506
	32.5246
	33.8955
	40.3209
	46.0115
	49.4512
	51.2391
	51.6596
	51.6767
	54.5541
	61.0293
	64.6685
	64.8134
	66.4571
	87.8867
360 12
	17.3205
	52.1096
	63.4788
	64.1943
	68.5768
	68.6794
	75.5539
	77.5196
	94.3905
	94.7672
	96.0315
	96.218
361 17
	8.55928
	17.9522
	28.1972
	30.8575
	30.9767
	33.9735
	34.7535
	51.2579
	54.6826
	65.0842
	69.6753
	70.1537
	76.0769
	78.1373
	78.3964
	94.8077
	99.2739
362 9
	25.7437
	40.1942
	57.8593
	73.3685
	80.8737
	81.4318
	89.4364
	94.1455
	97.3763
363 16
	7.77596
	9.64398
	24.09
	35.5235
	39.3002
	47.183
	55.7667
	59.7169
	61.5459
	62.4315
	65.6496
	66.1404
	66.4595
	78.5531
	94.1803
	99.9123
364 16
	0.727871
	19.298
	21.6544
	33.1856
	34.6221
	39.3252
	40.5969
	53.4012
	67.2568
	68.2494
	75.6557
	76.0892
	83.6449
	89.4907
	95.6042
	97.2757
365 17
	3.6494
	3.82326
	16.603
	19.6469
	24.3465
	40.0812
	52.3949
	54.2082
	62.1931
	63.6067
	64.9479
	65.1988
	65.8852
	75.6426
	78.9194
	98.0199
	99.1134
366 9
	5.22811
	25.137
	60.3808
	62.4646
	70.9454
	72.0243
	72.4676
	94.5018
	95.6233
367 13
	11.2083
	12.4262
	18.7419
	35.1692
	35.3234
	42.7991
	43.4235
	58.314
	67.2304
	78.1966
	80.4778
	82.9728
	83.6816
368 13
	1.53398
	3.42722
	19.1419
	20.8498
	25.9322
	31.9826
	32.9109
	47.7886
	48.7377
	60.2214
	75.8159
	76.9471
	77.1715
369 18
	8.93847
	12.0306
	17.1735
	17.7153
	19.1443
	25.0697
	30.9757
	32.0801
	37.9726
	43.7571
	45.3755
	47.7531
	48.4954
	55.8801
	60.7471
	75.9889
	79.2792
	80.6968
370 20
	1.3254
	2.18754
	2.97225
	3.65786
	22.0084
	27.334
	27.6744
	33.6627
	34.2428
	52.6691
	56.3287
	63.722
	78.6375
	79.1673
	85.5866
	88.5987
	88.6723
	93.7924
	96.009
	99.68
371 11
	2.82717
	4.61067
	27.7136
	69.0107
	69.0131
	78.2363
	81.1087
	82.687
	84.7018
	85.9724
	91.6384
372 15
	6.23413
	18.3597
	19.2671
	31.4803
	35.8291
	45.1367
	51.6896
	54.3706
	72.3358
	79.8463
	81.5138
	81.9883
	84.3977
	90.8612
	96.8999
373 14
	5.99325
	6.28818
	19.2365
	21.8073
	22.0789
	34.857
	38.1285
	49.0693
	65.9761
	72.9543
	84.1057
	93.6497
	94.5819
	95.5056
374 17
	1.35331
	4.34579
	7.98348
	10.9174
	11.1805
	21.9148
	34.4737
	34.5486
	36.0325
	40.9026
	50.6872
	60.4465
	63.7171
	90.7374
	91.8346
	97.9849
	99.0732
375 18
	3.85032
	17.9
	27.0045
	32.4463
	48.3583
	50.7054
	51.7948
	52.2363
	57.0471
	58.0885
	58.429
	59.6722
	64.4823
	66.4639
	66.9689
	70.7605
	86.9367
	88.075
376 17
	0.61201
	1.42224
	2.0832
	3.86786
	14.5435
	21.2133
	31.9111
	33.0215
	38.32
	61.9393
	62.1137
	63.3005
	64.7175
	77.9786
	80.0113
	89.6528
	99.2808
377 8
	14.6808
	19.5538
	26.2715
	61.0944
	64.8074
	79.4798
	84.6053
	92.012
378 18
	7.14576
	7.32034
	8.44724
	9.37475
	10.376
	12.4498
	16.3798
	41.8027
	45.5035
	49.5355
	51.4089
	52.4089
	60.6577
	70.3696
	71.8941
	73.8727
	78.2058
	99.4567
379 11
	10.6356
	11.9355
	21.0875
	24.3029
	34.9173
	43.7329
	52.7333
	83.786
	95.6686
	98.2331
	98.5975
380 18
	2.01968
	4.72096
	19.0261
	20.2471
	20.3079
	21.6024
	29.6874
	44.3158
	45.8298
	49.3539
	55.8246
	56.1065
	60.9745
	63.4352
	67.1992
	73.1528
	79.7584
	88.1501
381 22
	1.3195
	10.7646
	13.6036
	39.1569
	51.3051
	51.4526
	51.5968
	51.6973
	55.0415
	61.8817
	68.7733
	70.433
	71.9558
	72.2285
	79.3591
	80.2124
	83.5347
	83.7571
	92.1173
	93.696
	93.9042
	98.8266
382 17
	2.42251
	11.6297
	12.1705
	12.8311
	37.463
	37.4845
	44.0985
	45.0508
	45.4309
	50.9532
	51.1234
	53.6868
	54.0845
	54.8012
	56.3541
	64.1569
	68.1258
383 15
	9.80428
	29.9017
	31.4944
	31.5131
	31.8143
	31.8605
	31.9825
	40.6786
	50.1239
	54.7675
	56.3971
	73.0012
	84.1775
	90.9337
	95.5288
384 16
	12.5938
	16.2583
	17.0278
	18.0376
	22.9969
	24.4386
	36.8421
	52.9022
	53.1279
	56.9837
	68.8468
	69.4013
	69.8229
	73.6227
	90.5262
	91.4872
385 17
	1.87629
	6.00323
	24.2105
	37.8555
	44.1585
	49.9767
	55.3005
	55.5155
	59.1094
	65.2403
	70.6607
	71.1235
	81.1583
	89.6299
	95.1838
	95.9393
	95.9396
386 14
	10.2162
	14.9335
	23.4136
	27.9056
	32.9623
	33.7324
	43.8846
	45.4051
	50.2062
	53.3268
	63.7428
	64.3574
	71.4031
	94.1497
387 11
	2.16118
	18.011
	36.8386
	59.3997
	59.414
	74.9303
	75.0833
	82.2688
	82.6912
	85.67
	96.7835
388 19
	7.27384
	23.8041
	23.9827
	25.3977
	34.101
	39.0804
	41.9422
	53.5718
	55.7207
	58.2437
	63.0917
	63.8427
	68.2253
	76.9852
	84.3781
	85.5959
	86.4868
	86.5839
	91.3129
389 4
	58.8084
	69.8641
	90.7699
	91.6186
390 18
	5.6478
	7.27207
	25.6218
	26.5218
	28.5269
	34.3188
	36.4824
	46.1318
	52.1986
	54.1571
	56.8728
	58.4937
	64.157
	64.4046
	64.881
	70.2901
	71.5412
	85.7939
391 18
	6.32562
	8.22315
	10.401
	11.6314
	12.7463
	15.5879
	16.2797
	23.4201
	27.6298
	29.6337
	34.727
	37.585
	38.637
	50.8768
	53.3147
	60.067
	89.6792
	94.7013
392 5
	6.99555
	8.63671
	53.6692
	62.5865
	90.6205
393 6
	4.01268
	49.681
	69.9692
	72.4055
	76.7305
	76.8292
394 16
	0.947776
	1.76869
	15.7234
	17.1241
	21.3254
	28.2544
	28.2794
	35.3385
	49.3705
	59.5204
	60.0159
	61.1699
	68.9674
	74.0153
	86.7879
	92.6579
395 13
	7.35125
	11.926
	26.6411
	45.5499
	62.9837
	76.7401
	81.7321
	90.5097
	91.259
	93.6528
	94.3323
	94.7468
	96.8496
396 31
	9.33056
	10.4069
	15.18
	22.0922
	26.7945
	27.7061
	32.0475
	40.17
	45.9587
	47.9477
	48.162
	49.8269
	49.8696
	50.2522
	54.2885
	54.3592
	56.3005
	61.557
	62.4153
	67.4253
	68.5299
	68.8296
	68.8863
	70.0995
	70.1305
	70.4004
	71.661
	80.4926
	83.3942
	98.7144
	99.5155
397 13
	11.8076
	19.0871
	21.3515
	23.7209
	34.6964
	45.7773
	46.1246
	56.0722
	61.697
	91.4221
	93.122
	98.4614
	98.8947
398 9
	39.8901
	41.7646
	44.5706
	49.0569
	50.3783
	60.8738
	61.2948
	61.534
	99.8591
399 8
	3.9603
	47.5404
	49.1602
	51.7422
	52.7912
	63.9119
	91.6886
	94.3815
400 17
	7.12856
	12.3655
	19.9371
	26.946
	27.0378
	27.4619
	34.1526
	35.6975
	41.857
	43.9754
	52.5119
	75.4693
	77.0006
	79.1266
	95.4722
	96.4557
	97.053
401 11
	18.0428
	18.0466
	19.6228
	52.3215
	63.61
	66.7008
	68.3293
	69.8221
	71.029
	71.1244
	88.7146
402 28
	10.0705
	10.2329
	10.3798
	12.2592
	15.9933
	26.1032
	27.366
	27.5577
	34.8147
	38.0335
	39.7579
	39.8681
	40.2463
	41.4049
	45.5867
	60.5603
	60.7488
	60.7746
	62.3323
	66.5557
	68.1609
	69.3568
	71.0511
	71.0572
	72.1249
	72.4068
	96.2154
	96.3363
403 8
	17.0843
	22.216
	23.1914
	31.1507
	49.0632
	50.635
	64.9294
	72.8669
404 6
	5.50361
	9.24354
	38.1689
	39.5657
	51.1208
	64.1167
405 23
	1.92623
	9.44378
	10.0477
	10.6447
	10.8015
	11.4644
	12.5864
	29.3661
	34.7298
	36.2225
	39.454
	52.9452
	56.6111
	56.6823
	57.5457
	59.9859
	60.5034
	62.1523
	72.8137
	73.9943
	74.4093
	81.2471
	90.1155
406 13
	17.1402
	21.3657
	33.4405
	44.1964
	60.4684
	66.1849
	67.1793
	73.2185
	78.4851
	91.5699
	92.557
	94.9682
	99.5178
407 16
	30.9451
	42.3647
	43.2851
	44.5353
	49.3399
	51.0518
	53.7113
	53.7958
	54.5028
	59.7279
	76.2232
	79.1266
	79.3384
	79.3568
	80.0012
	92.0882
408 12
	2.31151
	9.75648
	12.8616
	13.1088
	13.6926
	28.0389
	28.1268
	35.798
	40.1282
	60.065
	64.1229
	87.7955
409 9
	7.66384
	45.2193
	46.0887
	46.2691
	69.3109
	71.3853
	82.4781
	98.8175
	99.1964
410 15
	2.36465
	4.71673
	18.6042
	23.5613
	31.1386
	32.0984
	38.717
	44.8018
	54.4802
	56.2072
	57.7168
	71.786
	78.4215
	93.976
	98.1393
411 12
	4.54632
	5.37024
	25.8664
	46.1169
	66.0554
	67.7434
	69.6554
	74.5421
	84.675
	87.1155
	92.7869
	96.2381
412 18
	8.11701
	8.39634
	18.6544
	20.1281
	25.7705
	26.3389
	27.6231
	28.799
	30.0643
	30.6986
	37.9664
	42.1399
	59.6573
	62.118
	67.9056
	83.652
	90.1642
	91.6936
413 11
	15.4653
	21.3532
	31.7228
	38.0318
	43.4683
	61.3572
	72.1187
	76.1768
	79.6598
	81.525
	82.9984
414 11
	4.21145
	5.98938
	28.2028
	35.6362
	37.9516
	45.2071
	45.4063
	46.9509
	57.7778
	67.2927
	90.3279
415 13
	5.06202
	5.43352
	8.35246
	30.0189
	30.063
	34.2844
	39.3071
	59.4111
	60.937
	68.2659
	68.3223
	87.0862
	90.3646
416 14
	10.9528
	11.3808
	16.9069
	23.6
	23.9959
	29.8414
	36.1634
	39.0485
	42.2524
	43.0823
	43.8664
	54.6274
	70.2195
	87.7433
417 20
	0.314577
	2.55429
	2.99102
	3.15628
	10.5097
	12.3947
	20.5273
	22.5911
	24.8499
	30.5811
	30.8284
	31.4922
	35.5073
	60.3374
	66.5142
	66.558
	77.3608
	88.2023
	89.9363
	90.061
418 13
	11.7527
	13.8266
	19.2364
	20.5692
	21.0439
	33.5873
	39.4217
	41.5148
	42.3862
	52.7144
	56.1574
	73.0845
	96.7818
419 8
	4.88252
	12.0775
	18.0997
	43.3497
	61.9457
	66.4115
	67.3563
	71.1156
420 11
	24.9637
	26.2285
	41.3836
	42.3496
	44.1521
	48.2099
	53.9936
	76.4336
	76.483
	81.436
	82.4538
421 17
	7.20803
	8.98516
	12.9984
	32.0623
	33.7713
	34.4935
	43.0109
	44.6379
	47.1011
	47.2671
	48.1892
	57.2656
	66.1538
	77.4208
	82.6338
	90.9189
	92.1711
422 16
	3.88004
	8.1785
	18.6615
	20.8214
	32.661
	35.0124
	43.656
	64.5754
	81.4719
	86.797
	86.9069
	86.9389
	91.1008
	91.4537
	92.163
	92.4058
423 16
	13.5394
	23.6055
	26.8959
	32.4269
	35.0223
	39.6352
	46.2051
	64.7257
	65.2814
	68.9467
	73.4
	77.583
	79.7419
	91.2364
	92.0949
	96.0383
424 8
	6.7826
	6.90199
	7.1547
	13.9188
	29.7719
	46.9062
	71.7352
	75.2118
425 15
	7.98664
	8.82842
	21.0572
	37.4863
	40.8127
	57.5813
	65.3438
	66.7791
	66.8201
	68.3617
	72.3724
	77.8073
	87.8706
	98.054
	98.8332
426 11
	4.88814
	9.75581
	12.2004
	21.0642
	25.635
	26.0427
	47.8653
	50.174
	53.5526
	57.6233
	70.3476
427 15
	7.25382
	9.12645
	22.6571
	28.0093
	29.4983
	53.9946
	55.4892
	56.0945
	56.1105
	56.1417
	56.3781
	56.9991
	74.2999
	91.791
	99.136
428 9
	7.74281
	8.47343
	33.2043
	57.0864
	60.7343
	76.3776
	77.6168
	79.9947
	98.1884
429 9
	3.59533
	16.8872
	17.5752
	22.3835
	25.9225
	67.1949
	67.3619
	69.0401
	84.532
430 17
	5.09266
	6.45801
	8.13993
	19.2358
	24.002
	32.6649
	39.9332
	59.2458
	59.4727
	60.5237
	64.6338
	65.3013
	68.6486
	72.9046
	77.1435
	82.7245
	91.1178
431 11
	10.3107
	12.1966
	18.2596
	37.0242
	47.6448
	50.2906
	51.8581
	55.31
	74.609
	92.7689
	92.8079
432 16
	20.2074
	22.6844
	23.236
	23.4619
	25.1707
	26.9116
	65.4658
	65.9631
	68.6427
	70.9499
	81.1375
	84.8048
	85.0004
	85.2756
	85.9135
	97.4107
433 10
	15.8881
	16.2148
	32.4089
	34.6666
	35.0332
	41.4595
	42.3901
	70.0636
	77.5261
	93.1819
434 16
	4.60326
	4.70308
	8.55064
	18.3354
	26.3895
	33.3253
	36.2406
	49.174
	53.4751
	64.4704
	68.7751
	78.2101
	90.9312
	97.8417
	98.6079
	99.7921
435 11
	19.0108
	20.6168
	21.5474
	44.4171
	44.5929
	46.0193
	57.0138
	68.4766
	72.0106
	99.1442
	99.1448
436 12
	6.31676
	7.85493
	11.1708
	14.3561
	32.3693
	34.2171
	53.7166
	66.5715
	77.3434
	91.1862
	92.7378
	99.391
437 15
	4.32247
	5.92379
	9.02337
	9.51468
	26.2783
	38.3839
	38.5265
	39.4891
	46.8145
	58.7862
	63.047
	71.5547
	77.3221
	88.5415
	94.5497
438 15
	3.71386
	9.10763
	12.9148
	15.6325
	23.7189
	23.9622
	42.2532
	63.9342
	71.7601
	76.6286
	77.138
	77.2092
	80.3666
	81.7954
	99.4922
439 13
	19.2493
	24.4905
	25.7139
	26.1085
	27.1433
	29.461
	36.7766
	37.3318
	39.2213
	46.5188
	81.8232
	87.4321
	93.5352
440 8
	11.4142
	16.2718
	18.6887
	20.0587
	41.8559
	71.1827
	73.9687
	82.7831
441 13
	3.51996
	10.3499
	34.6426
	43.3103
	45.2089
	50.1539
	54.8257
	64.0601
	73.3283
	86.7602
	89.5093
	90.043
	93.9135
442 11
	17.4808
	19.0155
	20.4077
	23.1406
	48.182
	50.0762
	61.8944
	62.8083
	67.0965
	91.0641
	91.4905
443 16
	5.72491
	6.56257
	10.8368
	18.9107
	21.221
	27.2469
	36.0856
	43.4002
	49.1224
	60.6773
	73.2735
	73.5859
	74.5713
	91.4614
	97.9527
	99.5701
444 13
	1.34031
	1.61441
	5.33895
	7.29982
	42.2336
	47.4797
	70.4655
	70.9166
	78.5472
	80.2774
	87.0082
	88.8681
	90.6902
445 11
	20.2252
	28.0754
	41.6029
	48.0172
	54.0877
	59.8847
	66.2608
	67.4657
	68.28
	74.9881
	78.4642
446 5
	25.0032
	31.9158
	51.575
	76.008
	84.8802
447 18
	6.95035
	9.94409
	10.3006
	10.9543
	13.4515
	14.1464
	18.1027
	43.7797
	45.3551
	59.7069
	59.7526
	60.0721
	61.968
	72.2409
	79.5964
	85.1605
	86.9566
	89.8315
448 9
	10.5964
	42.4826
	48.9574
	53.869
	60.1101
	72.487
	81.4301
	87.5282
	89.5391
449 15
	2.96541
	18.4712
	32.1861
	46.5265
	47.8775
	49.3566
	51.2281
	52.7487
	58.8847
	66.6574
	75.4225
	78.1653
	78.4837
	80.3562
	86.9896
450 11
	13.2337
	14.4734
	16.4215
	38.808
	50.7253
	50.7272
	54.7795
	85.7822
	92.9817
	96.2419
	96.6391
451 17
	3.258
	9.89381
	19.8972
	27.0165
	27.1074
	27.1907
	31.9995
	34.3608
	35.9196
	42.1168
	47.5348
	49.0942
	57.8661
	67.4845
	74.4002
	78.6611
	81.2982
452 5
	66.645
	73.5445
	74.3454
	90.0318
	96.9777
453 11
	6.59385
	32.7838
	45.3511
	49.0516
	62.3228
	68.6511
	78.4267
	78.6491
	80.7601
	82.262
	88.6628
454 13
	1.70421
	6.75481
	10.0798
	15.9084
	16.0902
	31.7602
	38.9733
	55.5596
	57.0438
	69.2635
	87.2479
	89.9374
	96.5885
455 12
	12.3516
	38.1386
	38.5485
	42.4915
	44.7036
	47.3336
	47.8188
	47.9655
	66.6601
	74.9153
	76.3279
	99.7584
456 11
	6.46836
	6.52438
	21.7866
	26.2615
	27.0242
	40.1463
	49.0166
	73.9187
	74.8117
	89.2132
	95.2341
457 18
	2.76581
	5.65162
	5.80545
	5.82821
	8.0446
	8.30831
	9.33717
	18.288
	20.1025
	23.0066
	29.6766
	31.9696
	58.4333
	62.7444
	63.8282
	69.7627
	75.9564
	93.9378
458 12
	2.08813
	9.2063
	9.41228
	12.4019
	30.5572
	39.6956
	40.2177
	58.231
	59.1058
	78.4286
	82.6608
	86.5723
459 12
	14.7769
	20.5303
	22.7596
	24.0588
	25.1598
	33.4385
	40.9262
	51.1924
	51.5865
	88.7704
	90.6383
	97.4711
460 11
	4.07315
	4.90985
	9.03145
	19.3252
	20.334
	20.73
	43.341
	58.9675
	59.7311
	60.8666
	84.7018
461 14
	2.26749
	4.09847
	11.0207
	12.4829
	18.0516
	28.0604
	31.9672
	33.8887
	44.3943
	80.7548
	83.2432
	83.2727
	84.8323
	99.5714
462 14
	2.22611
	6.33798
	8.03282
	23.47
	29.0035
	35.6996
	49.4232
	50.4075
	58.1999
	68.9768
	71.0355
	76.1862
	76.7458
	98.0592
463 12
	2.17774
	3.38463
	8.89863
	12.4571
	26.0635
	26.0886
	44.4105
	45.9429
	55.037
	64.2353
	92.6892
	95.0364
464 16
	14.4624
	15.0599
	20.4074
	41.9832
	42.4755
	42.4987
	46.1953
	46.8537
	50.8635
	55.8805
	62.4663
	66.0252
	66.952
	73.9654
	78.9118
	89.7742
465 13
	15.6528
	18.1683
	19.1924
	22.2116
	37.4854
	39.6483
	49.211
	60.6894
	67.3914
	68.459
	79.0252
	85.6951
	89.0842
466 17
	4.19828
	12.1669
	21.9294
	24.3494
	35.8071
	42.4776
	48.9035
	51.8327
	52.4762
	53.6429
	63.8533
	71.3028
	79.5105
	80.2343
	93.6539
	97.4006
	99.013
467 11
	0.725003
	6.54243
	8.58338
	14.6019
	19.2927
	65.4386
	68.7987
	69.6884
	74.4917
	81.6759
	84.3749
468 16
	1.97417
	19.8687
	22.5625
	23.2179
	29.6802
	37.1158
	43.4989
	47.8556
	53.1441
	57.3661
	59.1085
	77.4252
	79.4368
	87.178
	87.552
	96.1051
469 11
	2.18824
	34.5185
	39.9377
	41.6728
	46.2737
	47.3156
	50.1579
	56.2044
	70.6374
	74.1253
	90.7304
470 15
	6.93298
	10.002
	19.2075
	20.6767
	28.4859
	28.8497
	33.7
	39.392
	41.7029
	42.6672
	47.3821
	77.1163
	82.9128
	92.8958
	99.1694
471 6
	18.4005
	19.412
	39.3623
	53.1892
	77.1846
	88.1577
472 15
	1.15614
	2.33871
	18.5189
	23.3516
	23.8083
	29.8903
	30.3046
	37.6673
	58.3996
	58.4755
	62.6528
	64.8561
	69.8916
	90.1121
	97.9861
473 21
	0.0478577
	4.45031
	8.05662
	14.59
	23.3234
	25.3177
	29.9739
	31.2796
	31.9851
	44.7915
	52.3694
	55.0063
	62.198
	63.6695
	67.9809
	71.6184
	72.4871
	78.2333
	78.4873
	88.5032
	94.1893
474 17
	3.06071
	4.23415
	17.8739
	18.7435
	22.2604
	22.9623
	23.8252
	28.8759
	37.5284
	39.2303
	40.9139
	51.273
	52.3501
	65.8142
	68.062
	83.4209
	91.1386
475 14
	14.467
	16.437
	21.4641
	23.0159
	31.9876
	32.5884
	33.3149
	58.0876
	65.1748
	77.9491
	86.227
	89.4239
	90.0345
	93.4944
476 11
	8.22893
	30.8729
	49.9906
	58.4881
	60.4479
	61.4827
	63.8827
	74.7988
	78.3383
	91.2412
	98.9553
477 9
	1.04086
	5.94839
	9.07327
	34.49
	35.8697
	41.5679
	55.2272
	75.0307
	76.9802
478 17
	9.52963
	20.3053
	25.9598
	30.082
	30.4156
	31.5569
	39.8462
	45.5723
	48.257
	48.9143
	56.4591
	76.0161
	82.7786
	88.7068
	93.191
	95.2772
	96.1359
479 12
	3.4618
	4.61722
	12.502
	51.555
	53.7408
	62.9311
	68.5096
	72.8876
	76.3747
	87.8644
	91.1396
	95.8958
480 10
	2.58694
	19.0712
	37.1632
	53.4734
	56.9226
	61.0972
	67.5002
	84.1461
	88.7695
	89.896
481 17
	2.21023
	5.71662
	9.8205
	11.7715
	17.4093
	28.6401
	51.4611
	52.4345
	53.1723
	56.4561
	70.2459
	83.8756
	85.888
	86.8584
	94.326
	95.7139
	96.0226
482 5
	9.94015
	48.9684
	66.2267
	78.7707
	87.9781
483 9
	9.29529
	18.0811
	19.9723
	32.9879
	35.4312
	52.6396
	66.5905
	74.0625
	78.1997
484 9
	2.38598
	8.91489
	16.5978
	17.4671
	22.8764
	28.7603
	30.3209
	44.0809
	87.4137
485 10
	11.3585
	21.3283
	30.3537
	31.6023
	45.97
	46.0606
	53.883
	71.3682
	77.87
	83.9236
486 4
	65.5468
	70.9846
	77.2274
	97.1095
487 18
	1.49749
	5.23252
	5.51738
	6.34519
	10.413
	12.7816
	23.1475
	31.7159
	36.4726
	47.3097
	53.8844
	65.6757
	69.4631
	76.8314
	80.4439
	80.7308
	83.8357
	88.5726
488 12
	2.8269
	6.95957
	8.72307
	9.54319
	13.0661
	24.5833
	31.0026
	48.0541
	48.1927
	63.4316
	68.894
	95.2429
489 17
	5.26207
	12.3515
	23.0927
	38.5749
	45.1544
	55.1636
	56.1595
	67.8645
	68.5237
	74.3742
	80.5579
	83.4725
	86.0344
	87.8093
	96.9092
	97.5888
	98.0858
490 10
	1.50444
	12.2693
	17.3627
	19.5718
	27.5068
	55.3256
	56.8075
	59.9287
	74.5561
	76.8813
491 16
	7.29069
	26.3615
	31.6051
	35.3591
	44.8752
	47.2966
	49.7716
	53.2314
	64.3239
	66.4218
	67.5787
	73.2121
	76.5595
	76.8828
	88.709
	97.6382
492 9
	2.55244
	8.39808
	24.0928
	25.9664
	34.0857
	42.8113
	43.6301
	53.0534
	96.0947
493 15
	10.1283
	14.7873
	26.8934
	29.4542
	32.5997
	33.5142
	47.1682
	48.9425
	56.1112
	66.7642
	72.507
	82.2119
	90.0271
	91.9618
	98.3172
494 12
	12.4853
	22.9497
	31.0715
	32.2727
	38.5697
	43.3905
	55.4597
	71.423
	75.5086
	86.4079
	96.4349
	98.491
495 13
	5.68143
	15.7916
	19.089
	27.291
	30.2262
	48.3382
	49.1305
	62.9784
	66.6641
	66.8559
	85.7699
	97.3371
	98.7598
496 6
	11.4637
	20.3112
	73.1883
	73.2371
	77.3967
	90.5805
497 18
	7.2352
	8.31831
	8.89027
	18.0778
	40.9988
	44.6116
	46.6739
	56.2609
	62.8097
	64.6898
	68.6282
	69.7536
	73.5705
	74.3877
	75.8416
	75.8641
	79.4484
	81.0636
498 11
	7.52889
	11.0323
	21.1254
	23.5729
	39.253
	39.5745
	41.4077
	64.0551
	69.7782
	77.0009
	84.9588
499 13
	5.42532
	17.3602
	28.0025
	28.4407
	39.1704
	43.2898
	66.5472
	69.7365
	75.337
	80.1982
	87.6762
	94.6445
	97.6573
