10
0 3
	3.24382
	3.55939
	8.52453
1 4
	2.00402
	4.87853
	6.6563
	8.66211
2 1
	8.40599
3 2
	2.34779
	5.32378
4 2
	0.715213
	8.04518
5 2
	5.60137
	7.95187
6 0
7 2
	4.73564
	4.76323
8 0
9 0
10 0
11 0
12 1
	2.71086
13 2
	3.67963
	9.32379
14 1
	3.9376
15 3
	3.35259
	3.74004
	8.27586
16 1
	9.39858
17 2
	1.58667
	2.49972
18 3
	2.4253
	3.42359
	4.97584
19 3
	0.534484
	5.25673
	5.36252
20 2
	3.48435
	7.62626
21 2
	6.52671
	8.08863
22 1
	1.5343
23 0
24 3
	3.38686
	4.69603
	9.82941
25 2
	6.86065
	9.07448
26 2
	6.80786
	8.57553
27 0
28 1
	8.51681
29 1
	8.05678
30 1
	4.58165
31 0
32 2
	8.32424
	9.90339
33 1
	2.37224
34 1
	8.16552
35 2
	6.68409
	7.39548
36 1
	3.7277
37 1
	9.26508
38 1
	9.46245
39 2
	4.11634
	9.48742
40 1
	8.45598
41 3
	6.79925
	7.05749
	8.72806
42 0
43 3
	0.782598
	1.34208
	3.51644
44 2
	1.49174
	2.98423
45 1
	3.21523
46 1
	3.20691
47 1
	9.08239
48 2
	1.61778
	3.18908
49 1
	7.88216
50 1
	2.92617
51 1
	7.34939
52 1
	4.44032
53 0
54 2
	4.8767
	8.76224
55 2
	1.13924
	1.59898
56 1
	6.15973
57 0
58 1
	8.37231
59 7
	0.900878
	4.43043
	5.43442
	6.32368
	6.93631
	7.20572
	9.65276
60 0
61 2
	2.68257
	5.92342
62 2
	4.39926
	4.55166
63 1
	7.71377
64 0
65 1
	3.50051
66 4
	2.96506
	5.75116
	7.60135
	8.85273
67 1
	0.136591
68 5
	7.35804
	7.57017
	7.80479
	8.7534
	9.78343
69 1
	5.23659
70 1
	8.47167
71 1
	7.47239
72 0
73 3
	6.25698
	6.3475
	9.25107
74 4
	0.0878357
	0.638104
	2.56049
	3.27943
75 0
76 2
	7.23007
	7.3393
77 3
	3.75034
	4.25168
	9.05036
78 3
	0.0745887
	1.42254
	4.17272
79 1
	4.37429
80 0
81 3
	1.45846
	2.29835
	9.76132
82 3
	0.114864
	2.26501
	2.76815
83 0
84 1
	1.3292
85 1
	4.84893
86 3
	0.152896
	6.92183
	7.97428
87 6
	0.0478127
	0.841539
	1.30609
	1.5968
	2.46616
	7.45936
88 2
	4.04768
	7.86814
89 1
	1.90842
90 3
	0.741933
	7.76513
	8.04312
91 2
	4.73852
	9.77962
92 0
93 2
	1.32234
	5.09293
94 4
	0.953297
	1.40535
	4.89053
	8.1187
95 1
	3.05295
96 1
	6.33211
97 1
	8.98976
98 1
	8.39159
99 0
100 0
101 1
	5.34285
102 3
	2.19817
	2.40804
	3.65408
103 0
104 2
	1.84272
	6.72835
105 6
	0.0233171
	3.32956
	3.83909
	4.68083
	5.13841
	5.53923
106 2
	1.35414
	9.1369
107 0
108 0
109 1
	2.77413
110 1
	7.15764
111 1
	9.31143
112 4
	5.82225
	6.04292
	6.9807
	9.41517
113 2
	2.87129
	5.08134
114 2
	2.96717
	3.13599
115 3
	1.14612
	6.06632
	7.00783
116 1
	6.38175
117 2
	1.49599
	2.32194
118 3
	2.47766
	4.14758
	5.62876
119 1
	0.544608
120 3
	1.40687
	6.30183
	8.91242
121 2
	0.253612
	2.83125
122 3
	5.87691
	8.28117
	9.51492
123 2
	3.85446
	4.27092
124 1
	5.65331
125 0
126 0
127 2
	9.55538
	9.70579
128 2
	3.61874
	4.20616
129 3
	2.65823
	3.45397
	9.8229
130 5
	3.42721
	4.78417
	6.78733
	6.95441
	9.76245
131 2
	3.73719
	8.84427
132 3
	4.87637
	6.48273
	8.71442
133 3
	2.0662
	5.35234
	6.75536
134 0
135 2
	4.71071
	8.16191
136 3
	5.53244
	5.76893
	6.99237
137 1
	7.46926
138 1
	8.89126
139 0
140 3
	7.79128
	9.11722
	9.66374
141 4
	4.42877
	5.80864
	8.1594
	9.37403
142 0
143 0
144 0
145 2
	4.97399
	7.17253
146 1
	1.60412
147 1
	1.52687
148 2
	0.569481
	4.85104
149 3
	8.73121
	9.23937
	9.65562
150 2
	7.04166
	7.14834
151 1
	9.03733
152 1
	4.66763
153 1
	9.79966
154 4
	5.56256
	5.82831
	9.61255
	9.98197
155 2
	6.2265
	9.77046
156 5
	2.47241
	6.46739
	6.48387
	6.64886
	9.33318
157 1
	6.8696
158 4
	1.38091
	2.00924
	7.36436
	7.87725
159 1
	2.08822
160 1
	3.87504
161 3
	5.02551
	6.21163
	6.73099
162 3
	5.98758
	8.5278
	8.86801
163 2
	2.63619
	4.0761
164 0
165 0
166 0
167 2
	9.78759
	9.95526
168 1
	0.0564807
169 1
	0.296433
170 2
	6.87493
	9.57609
171 4
	3.21864
	3.92635
	8.16407
	9.25366
172 0
173 2
	1.21206
	1.44882
174 0
175 1
	7.60296
176 2
	4.46111
	7.6831
177 0
178 2
	1.49919
	3.58825
179 0
180 2
	4.64794
	5.62118
181 2
	5.72543
	6.9916
182 0
183 0
184 1
	1.77848
185 1
	9.4515
186 0
187 2
	1.22175
	7.44481
188 3
	0.0819961
	3.61924
	7.86085
189 0
190 2
	9.0746
	9.10822
191 0
192 0
193 2
	3.16847
	8.5092
194 0
195 1
	1.63295
196 2
	4.52394
	6.86382
197 3
	0.297183
	0.640885
	9.30466
198 2
	1.49859
	3.01675
199 2
	1.84899
	5.52742
200 1
	5.98167
201 1
	0.86259
202 2
	0.633201
	8.72017
203 1
	2.82677
204 3
	7.85761
	8.10428
	9.42387
205 2
	4.3531
	6.74151
206 2
	4.35003
	9.59457
207 1
	6.42354
208 2
	5.7694
	8.07598
209 2
	7.45235
	8.52604
210 3
	1.8488
	1.89595
	2.50867
211 0
212 0
213 0
214 1
	2.48115
215 1
	7.90786
216 0
217 3
	7.83503
	7.93558
	9.90256
218 0
219 2
	6.98991
	7.99581
220 0
221 0
222 5
	2.58765
	2.99875
	3.6538
	4.00153
	7.53122
223 1
	2.53733
224 1
	4.20643
225 0
226 1
	8.56468
227 3
	1.55451
	6.6048
	8.71821
228 0
229 2
	1.37029
	5.96742
230 2
	6.66264
	9.1066
231 0
232 4
	4.87483
	4.89509
	5.51289
	7.05773
233 1
	0.340448
234 4
	1.81653
	3.03199
	4.15675
	8.97245
235 1
	8.92772
236 1
	1.62967
237 1
	7.3152
238 4
	1.61197
	3.06561
	5.49573
	5.65214
239 3
	5.3244
	7.23752
	7.94351
240 1
	0.0794544
241 0
242 2
	5.13912
	5.38888
243 0
244 1
	3.9837
245 0
246 1
	6.4153
247 1
	0.168783
248 2
	5.89311
	9.3709
249 0
250 0
251 2
	7.45343
	7.62998
252 5
	6.29004
	7.47085
	7.68257
	8.03086
	8.21035
253 0
254 2
	2.38641
	6.60242
255 0
256 2
	2.18207
	2.6687
257 3
	1.40847
	6.42761
	8.89027
258 0
259 0
260 0
261 0
262 2
	7.6324
	7.92444
263 0
264 0
265 2
	1.38355
	8.47709
266 4
	5.142
	8.26999
	8.29638
	8.84475
267 2
	3.89161
	9.8683
268 0
269 2
	9.67917
	9.70633
270 2
	2.68075
	5.20648
271 5
	2.417
	3.23783
	4.08778
	7.15115
	7.41536
272 1
	4.00933
273 0
274 0
275 0
276 6
	1.30361
	3.44557
	4.23453
	6.00157
	6.75229
	9.96031
277 3
	0.0750427
	0.31673
	1.90853
278 0
279 1
	4.51544
280 0
281 0
282 1
	8.43908
283 3
	1.22318
	1.26186
	8.92219
284 3
	0.988358
	6.16183
	6.83038
285 0
286 0
287 0
288 1
	8.56049
289 2
	2.44771
	8.81169
290 1
	5.15071
291 3
	1.80583
	6.48866
	7.74514
292 3
	5.69158
	7.65849
	9.29189
293 0
294 1
	0.891179
295 4
	2.48401
	4.70391
	8.07567
	8.34903
296 2
	7.75835
	8.08903
297 2
	4.04491
	9.98597
298 4
	0.121745
	1.83024
	7.0062
	8.83508
299 4
	1.79156
	4.92899
	7.45436
	8.42804
300 1
	8.76457
301 2
	0.197962
	6.63372
302 4
	2.45503
	4.12784
	7.59992
	9.95321
303 0
304 1
	5.59998
305 2
	2.42204
	6.03022
306 2
	7.82421
	8.1413
307 2
	0.877863
	5.65485
308 1
	5.44306
309 1
	3.75139
310 5
	7.65207
	9.23226
	9.25096
	9.56403
	9.71263
311 0
312 1
	1.55811
313 4
	1.76654
	1.76732
	3.85621
	8.66721
314 3
	2.64997
	5.56639
	9.10522
315 1
	5.26693
316 1
	3.03897
317 3
	3.48409
	5.02197
	6.18564
318 2
	2.47816
	5.20579
319 3
	6.81002
	7.89311
	9.90368
320 0
321 2
	7.75812
	9.34201
322 3
	2.41378
	9.6738
	9.71064
323 2
	8.45059
	9.57672
324 1
	9.46213
325 2
	7.69455
	8.04808
326 1
	4.44546
327 0
328 1
	8.61969
329 3
	4.40099
	5.75488
	7.18281
330 3
	0.818382
	6.41435
	9.20485
331 2
	5.47697
	7.90455
332 4
	0.0615067
	2.36917
	4.24619
	8.84753
333 2
	1.92188
	5.10335
334 1
	9.37476
335 1
	3.24604
336 3
	5.0737
	8.35439
	9.39393
337 1
	7.93641
338 1
	6.43775
339 2
	8.44936
	8.77215
340 0
341 0
342 1
	6.76754
343 1
	1.46824
344 1
	9.20794
345 0
346 1
	1.84735
347 0
348 3
	0.8885
	5.81169
	6.10034
349 0
350 3
	4.29327
	6.9408
	8.64535
351 0
352 1
	2.94731
353 0
354 1
	2.98896
355 4
	2.84368
	5.96612
	9.45788
	9.56825
356 1
	1.31486
357 1
	5.44047
358 10
	3.02861
	3.9838
	7.67941
	7.69364
	7.91209
	8.10734
	8.35579
	8.44382
	8.93802
	9.17196
359 2
	0.458197
	9.91339
360 1
	3.01133
361 1
	3.51808
362 0
363 0
364 1
	7.84325
365 0
366 1
	5.89944
367 2
	6.01223
	8.162
368 4
	0.32132
	0.615253
	3.99822
	5.79354
369 0
370 1
	6.1573
371 0
372 1
	3.18035
373 1
	5.71188
374 0
375 2
	8.94695
	8.95088
376 4
	0.260656
	6.1776
	6.45483
	8.65335
377 1
	2.53828
378 2
	3.58486
	7.2283
379 1
	6.91054
380 0
381 2
	6.40855
	8.59959
382 0
383 3
	3.30012
	4.44504
	5.68852
384 2
	5.14313
	8.30797
385 3
	1.58592
	4.64689
	8.65243
386 1
	8.96693
387 1
	2.54404
388 1
	4.10785
389 4
	4.06567
	6.16754
	6.26536
	7.59851
390 1
	7.96779
391 3
	2.44003
	8.99485
	9.10388
392 5
	0.677244
	0.860167
	5.00065
	7.25812
	9.99188
393 1
	1.62906
394 0
395 1
	5.82702
396 1
	7.16854
397 4
	5.47926
	8.65014
	8.68539
	8.79952
398 4
	7.31191
	7.36126
	7.74635
	9.41547
399 3
	1.56386
	3.25978
	4.39337
400 2
	5.7961
	7.73575
401 5
	4.50884
	6.74796
	8.33994
	9.15382
	9.8216
402 0
403 1
	6.42478
404 1
	2.30467
405 0
406 0
407 1
	1.92839
408 2
	8.6789
	9.94175
409 1
	6.84521
410 4
	5.66938
	6.04632
	8.36506
	8.79227
411 2
	6.38052
	7.38451
412 0
413 1
	6.49591
414 0
415 2
	2.13695
	8.78672
416 0
417 3
	0.20371
	3.9108
	8.80988
418 2
	2.71562
	9.22776
419 1
	7.95702
420 1
	7.22958
421 3
	5.97219
	9.4693
	9.5047
422 1
	8.53905
423 3
	2.89148
	3.38043
	4.59773
424 3
	4.08376
	8.05671
	8.94589
425 3
	6.15503
	6.55772
	9.17189
426 1
	8.58115
427 4
	2.17695
	4.87645
	9.08074
	9.5278
428 1
	6.98684
429 3
	1.77666
	3.2542
	9.78058
430 4
	1.7152
	4.77522
	5.57392
	5.96667
431 3
	0.841377
	4.05694
	7.99031
432 1
	3.82906
433 1
	1.98149
434 1
	8.41528
435 3
	4.63906
	8.61914
	9.47356
436 2
	4.76103
	8.76921
437 4
	4.35069
	7.14439
	8.85298
	9.0691
438 1
	4.31843
439 1
	3.56106
440 2
	3.89281
	8.79939
441 1
	7.39355
442 1
	9.9747
443 4
	5.15519
	6.15154
	8.18084
	8.97156
444 4
	3.4981
	8.35959
	9.79793
	9.99365
445 8
	0.677622
	2.21671
	2.30764
	3.43881
	3.90412
	9.26555
	9.68629
	9.87989
446 5
	0.0383531
	0.619778
	3.77478
	7.34071
	9.89467
447 5
	2.0271
	7.59037
	8.47627
	8.73983
	9.41371
448 1
	4.83767
449 3
	1.69743
	2.8945
	5.72529
450 4
	7.82453
	8.6541
	9.76412
	9.9248
451 0
452 4
	5.70199
	5.87648
	8.30886
	9.74339
453 3
	2.38649
	6.97116
	9.58603
454 3
	3.98571
	6.6489
	9.7528
455 6
	6.53831
	7.26191
	8.23531
	9.23695
	9.42575
	9.96683
456 3
	6.83165
	7.2284
	8.62938
457 5
	4.96665
	5.05624
	7.48924
	9.68272
	9.84594
458 7
	5.02072
	6.18633
	6.52493
	6.72568
	7.06565
	7.33081
	9.04319
459 4
	1.85652
	5.40448
	7.13323
	7.52719
460 3
	2.20236
	4.5386
	5.40709
461 1
	5.39586
462 1
	6.13203
463 4
	4.41886
	6.28506
	6.90322
	8.94155
464 5
	0.78732
	4.15549
	8.05087
	8.29894
	9.03201
465 9
	0.203241
	1.4749
	1.63627
	3.76474
	4.26025
	5.79969
	5.89702
	6.09452
	7.84784
466 5
	0.731241
	1.7602
	6.06881
	9.1761
	9.91756
467 2
	1.21187
	4.05044
468 2
	6.72111
	9.6448
469 1
	9.0914
470 9
	0.148437
	1.41987
	4.90263
	6.76518
	6.96325
	7.63573
	8.29564
	8.95419
	9.22189
471 2
	4.76409
	8.6071
472 9
	2.43334
	4.75466
	6.17933
	6.5361
	6.74478
	7.73631
	8.60779
	8.61136
	9.66604
473 8
	3.56289
	3.59083
	3.72701
	3.84406
	6.25398
	7.14308
	9.04193
	9.83758
474 6
	1.83356
	4.20012
	4.2695
	7.88295
	8.74769
	9.43459
475 6
	2.35341
	4.31533
	5.59288
	6.20778
	7.0306
	7.98207
476 7
	1.21697
	1.86629
	2.98447
	4.45396
	8.10887
	8.5705
	9.80868
477 7
	1.11022
	1.87984
	4.38169
	7.49299
	8.62385
	8.62615
	9.68793
478 9
	1.10312
	1.62726
	3.61738
	4.04674
	4.35586
	6.6824
	7.99553
	8.39732
	8.59303
479 4
	6.26701
	8.23816
	8.40069
	8.8845
480 3
	8.12708
	8.32563
	8.45474
481 4
	4.80135
	5.19304
	5.79106
	7.39
482 7
	1.13234
	6.89403
	7.75608
	8.72246
	9.7214
	9.89353
	9.98046
483 9
	3.7863
	5.54729
	5.90492
	6.35077
	6.38281
	7.42208
	8.14395
	8.23798
	8.77763
484 9
	3.79648
	5.91029
	6.06438
	6.60222
	7.6879
	8.11748
	8.85558
	9.71835
	9.73338
485 10
	2.03489
	2.91032
	5.83122
	6.21437
	6.3745
	6.67875
	7.61946
	7.96587
	9.41313
	9.69006
486 8
	2.11319
	2.16304
	3.13112
	5.33736
	7.5428
	8.38844
	9.77102
	9.94259
487 12
	0.652184
	0.892921
	1.15234
	1.49833
	1.99925
	4.69803
	5.30808
	8.0518
	8.19789
	8.65873
	9.65357
	9.9219
488 11
	2.16581
	2.41065
	3.48684
	5.04746
	5.43149
	6.22808
	7.14777
	8.73034
	8.76935
	9.42821
	9.66469
489 10
	2.98113
	4.39479
	4.4538
	5.02055
	5.15471
	5.59142
	5.76224
	6.16301
	7.45656
	9.94832
490 10
	1.27639
	3.85679
	5.68303
	6.00344
	6.79447
	6.83416
	7.20256
	8.44624
	8.84977
	8.92157
491 7
	1.13542
	1.65672
	3.98281
	8.01258
	8.10877
	8.62947
	9.0161
492 9
	1.01462
	4.34256
	6.0078
	6.62935
	7.246
	8.53799
	9.4717
	9.54133
	9.66056
493 7
	2.14155
	4.30034
	4.81996
	7.30424
	8.2505
	9.93494
	9.99879
494 6
	5.78638
	6.40846
	6.87995
	8.43455
	8.52179
	9.94389
495 19
	0.799016
	1.7504
	3.00421
	3.02038
	3.72039
	4.44228
	5.36292
	6.02079
	6.57069
	6.77485
	7.29923
	7.68009
	8.32453
	8.46968
	8.51124
	9.00888
	9.05759
	9.75148
	9.79155
496 11
	0.803837
	2.55522
	6.04171
	6.49995
	6.90109
	8.51686
	8.55419
	8.79312
	8.98772
	9.62173
	9.68044
497 15
	1.08919
	1.9716
	2.98186
	3.4547
	4.02883
	4.88149
	5.3149
	6.79627
	6.95645
	7.40456
	8.05812
	8.2162
	8.58959
	9.41121
	9.41175
498 9
	4.03012
	4.41366
	6.13051
	8.19176
	8.6106
	9.02081
	9.21543
	9.4487
	9.55901
499 13
	1.10009
	1.35518
	2.87091
	4.14065
	4.14797
	4.48263
	6.3952
	7.48625
	7.50862
	8.24884
	8.91255
	9.08223
	9.32462
