10
0 2
	5.21062
	9.06725
1 0
2 3
	0.744298
	7.57157
	8.23707
3 7
	3.18042
	3.22406
	3.38354
	3.38513
	3.45007
	5.58511
	7.68381
4 0
5 0
6 1
	8.44962
7 2
	8.46903
	8.91936
8 1
	8.57934
9 1
	5.59613
10 2
	2.3344
	4.40806
11 1
	4.87556
12 1
	8.36186
13 0
14 1
	5.24112
15 2
	5.24835
	7.98045
16 2
	5.14418
	6.59011
17 2
	3.75458
	3.77687
18 0
19 2
	5.29085
	9.92079
20 3
	8.59142
	9.30535
	9.89508
21 1
	1.49864
22 2
	3.02934
	3.15398
23 0
24 0
25 3
	1.85651
	4.41852
	4.51748
26 1
	7.60536
27 1
	8.96304
28 4
	0.754671
	1.1058
	3.16795
	6.1188
29 1
	9.50137
30 3
	3.1359
	7.64121
	7.7742
31 2
	6.83444
	7.63667
32 0
33 0
34 1
	9.91368
35 0
36 0
37 2
	0.32812
	8.13311
38 0
39 0
40 0
41 0
42 3
	2.01261
	6.00132
	7.90208
43 1
	3.52572
44 0
45 0
46 3
	4.83672
	8.21089
	9.50764
47 0
48 1
	3.50403
49 0
50 4
	5.00029
	6.36446
	9.62086
	9.77346
51 6
	3.99862
	6.00743
	6.11384
	7.57827
	8.73707
	9.46356
52 3
	0.240887
	4.52596
	9.75522
53 0
54 0
55 5
	0.431124
	0.608796
	0.623887
	5.02905
	8.18104
56 3
	7.21419
	7.58896
	7.81542
57 0
58 2
	2.54389
	2.5712
59 0
60 7
	4.53724
	4.53807
	7.04086
	7.67209
	7.76333
	8.14251
	8.75662
61 3
	2.0571
	2.09749
	7.10124
62 2
	0.174394
	1.80283
63 1
	3.96676
64 1
	8.24708
65 1
	9.43289
66 0
67 0
68 2
	5.16816
	8.94953
69 8
	0.67711
	0.748786
	1.5067
	6.43682
	6.78864
	6.82764
	7.4009
	7.44204
70 2
	8.66583
	9.08989
71 2
	4.37002
	8.96188
72 2
	5.58199
	5.64852
73 4
	1.97623
	4.82976
	5.83077
	6.07728
74 4
	1.9817
	3.65904
	7.31216
	7.8427
75 1
	8.61743
76 1
	6.6571
77 1
	5.68519
78 6
	3.24466
	3.28736
	3.31778
	5.13781
	8.09574
	9.00509
79 0
80 1
	7.88659
81 0
82 1
	0.0392068
83 1
	4.81883
84 4
	7.11861
	7.56792
	7.59132
	9.11193
85 1
	8.2813
86 3
	2.81808
	8.51356
	9.45185
87 6
	1.38766
	2.67368
	3.45717
	5.71446
	5.76045
	7.34527
88 3
	1.64355
	8.74049
	8.9157
89 5
	4.39845
	4.46867
	5.86821
	7.45673
	8.23139
90 3
	4.00122
	5.12202
	9.66627
91 4
	1.96542
	4.80355
	4.86217
	6.36532
92 3
	0.587851
	2.79972
	7.69084
93 0
94 8
	1.07407
	2.53766
	2.7401
	3.01232
	3.8258
	7.60721
	7.61995
	8.19899
95 9
	3.26695
	5.7315
	6.95214
	7.43262
	7.54041
	8.078
	8.76871
	8.9658
	9.55095
96 3
	4.73984
	5.78973
	9.37367
97 1
	8.75253
98 12
	0.413097
	3.65155
	4.48716
	4.52617
	4.60821
	5.27992
	5.56882
	7.10436
	7.95763
	8.00404
	8.14519
	9.70637
99 7
	2.79458
	3.13868
	3.59365
	3.7666
	3.84827
	6.69273
	7.01563
