10
0 0
1 2
	1.9304
	9.22468
2 4
	3.31352
	5.23488
	8.82914
	9.16918
3 3
	4.26372
	5.22172
	6.92103
4 6
	3.35068
	8.15037
	8.82009
	9.01553
	9.25684
	9.95556
5 4
	2.65408
	3.9597
	9.16802
	9.48987
6 1
	4.3697
7 2
	8.74061
	9.19878
8 4
	2.56293
	5.25324
	7.47107
	7.91316
9 5
	1.63481
	2.21362
	3.5687
	8.97851
	9.70452
10 1
	9.8909
11 0
12 1
	7.00232
13 0
14 2
	7.7802
	9.06192
15 0
16 1
	0.604146
17 2
	4.09405
	9.49818
18 3
	2.54108
	2.98401
	3.20642
19 2
	1.22529
	7.42855
20 0
21 6
	3.0324
	7.74829
	9.18884
	9.43789
	9.82109
	9.84157
22 3
	3.52275
	3.5376
	3.5401
23 1
	4.71367
24 2
	3.28423
	9.46771
25 2
	7.72918
	9.98816
26 1
	7.00589
27 3
	3.57357
	5.68958
	6.16165
28 5
	4.83537
	5.51018
	5.58657
	5.75551
	6.19848
29 1
	6.04562
30 2
	8.07967
	9.62248
31 2
	1.52858
	8.17912
32 1
	4.29946
33 0
34 3
	5.06054
	9.16781
	9.40652
35 3
	1.40134
	3.35068
	4.48847
36 1
	8.58006
37 4
	1.25295
	3.77507
	6.8448
	6.93922
38 2
	0.476806
	2.89042
39 2
	7.69907
	9.4147
40 1
	8.38861
41 7
	2.96684
	3.05981
	3.61007
	4.65155
	4.9603
	5.03738
	6.1966
42 3
	5.72964
	8.51298
	9.06645
43 2
	5.07192
	7.82895
44 2
	8.18439
	9.12472
45 3
	3.15249
	3.51878
	6.92565
46 0
47 4
	1.38682
	7.90442
	9.01798
	9.47858
48 0
49 2
	9.12973
	9.16584
50 5
	3.83427
	4.96536
	8.61658
	8.82606
	9.37971
51 2
	3.10479
	6.89454
52 1
	6.4912
53 1
	3.22708
54 1
	6.90942
55 5
	3.72509
	3.87758
	5.27509
	6.40282
	8.85916
56 0
57 2
	9.34969
	9.53753
58 1
	3.11436
59 3
	8.67042
	9.05776
	9.36036
60 2
	4.84792
	9.07883
61 2
	8.25133
	8.78046
62 3
	6.28375
	7.36901
	8.08303
63 0
64 3
	1.06067
	4.3383
	5.2769
65 2
	8.96905
	8.9937
66 4
	3.33904
	3.58128
	4.92049
	7.51326
67 0
68 3
	5.03599
	8.54401
	8.77113
69 1
	7.62449
70 4
	6.10569
	6.30813
	7.9094
	8.11552
71 2
	2.24874
	6.7186
72 1
	4.53423
73 2
	3.18835
	8.38077
74 1
	5.61583
75 3
	5.06386
	8.52541
	9.42571
76 1
	7.93546
77 6
	3.26487
	3.35842
	5.30423
	8.26365
	8.77617
	9.4714
78 1
	2.28217
79 1
	0.587268
80 0
81 3
	0.541077
	9.23797
	9.88455
82 2
	2.76777
	5.84354
83 1
	8.25539
84 4
	2.88893
	6.61073
	9.42653
	9.60115
85 2
	7.68409
	8.7422
86 1
	0.888348
87 2
	4.33147
	4.69071
88 1
	5.38234
89 1
	9.38158
90 1
	9.58017
91 2
	5.37002
	8.04131
92 1
	7.09594
93 8
	1.09246
	1.70819
	4.97081
	5.62559
	8.40171
	8.46407
	9.18076
	9.67718
94 2
	7.37881
	9.60452
95 3
	3.37178
	5.97711
	9.66535
96 3
	3.40798
	5.15095
	9.60097
97 5
	1.06774
	1.99672
	2.94166
	7.36899
	7.99716
98 0
99 1
	6.14794
100 1
	1.9549
101 1
	7.45002
102 0
103 1
	8.63172
104 3
	7.77491
	9.17148
	9.5878
105 2
	5.87882
	9.99904
106 1
	4.44059
107 2
	0.505239
	3.93253
108 3
	1.87549
	3.54549
	6.41649
109 1
	4.02406
110 1
	8.52824
111 0
112 4
	1.24672
	2.19367
	4.01471
	9.56717
113 5
	2.50069
	4.61619
	6.19244
	8.13929
	8.8115
114 3
	7.68526
	8.91713
	9.84944
115 2
	3.16835
	5.79828
116 6
	3.21171
	3.9048
	8.68117
	8.77942
	9.08402
	9.1411
117 4
	6.92099
	8.01262
	9.41458
	9.87963
118 2
	2.64474
	8.16139
119 1
	2.18752
120 0
121 2
	1.13581
	1.4224
122 4
	3.77193
	7.69917
	8.4785
	9.94516
123 5
	2.25166
	5.69092
	8.29664
	8.83566
	9.49282
124 4
	4.34147
	7.03413
	9.49066
	9.74006
125 1
	9.16715
126 7
	5.79398
	7.79964
	8.78525
	9.24857
	9.53712
	9.70064
	9.90246
127 1
	3.36637
128 0
129 4
	0.761431
	7.63315
	8.77972
	9.97276
130 2
	7.55893
	9.09955
131 2
	0.219277
	7.25239
132 11
	4.32645
	4.40797
	4.47206
	4.49544
	6.98419
	7.07888
	7.34829
	7.70867
	9.17819
	9.22318
	9.78996
133 1
	7.31177
134 4
	2.42578
	3.25514
	3.8238
	8.92912
135 5
	0.804534
	3.59686
	3.69552
	6.88153
	7.39841
136 3
	2.78087
	7.90163
	7.9457
137 5
	0.943399
	6.31826
	7.53634
	8.89905
	9.9656
138 2
	7.93384
	9.41613
139 1
	2.46825
140 1
	8.63475
141 2
	5.41526
	6.90087
142 1
	1.78261
143 3
	0.506001
	6.35166
	6.92217
144 5
	0.692383
	4.03078
	6.25342
	6.58247
	9.17265
145 5
	2.2033
	2.41507
	3.44775
	3.92886
	8.7585
146 1
	9.85297
147 9
	3.23462
	7.19856
	7.31594
	7.80109
	8.31766
	8.49398
	8.61777
	9.06388
	9.44501
148 4
	1.81009
	1.95197
	6.10872
	9.00124
149 2
	5.81106
	5.8961
150 4
	5.03319
	7.55851
	9.00794
	9.1696
151 3
	0.0571466
	2.74531
	4.24459
152 8
	0.257647
	3.08263
	3.15243
	3.5195
	5.99872
	6.38847
	6.58378
	8.07207
153 2
	2.86434
	3.34581
154 0
155 0
156 2
	2.48711
	2.98405
157 5
	1.89191
	6.15306
	7.09856
	7.1669
	9.34896
158 3
	5.95398
	6.13132
	9.37416
159 3
	3.2537
	4.75428
	8.87299
160 3
	0.86716
	1.98465
	2.59057
161 5
	0.566078
	7.55297
	7.71834
	9.03359
	9.07839
162 4
	7.15633
	7.42267
	8.61929
	9.8425
163 5
	4.52951
	5.85603
	6.15892
	7.51244
	9.12691
164 3
	7.78999
	8.47575
	9.29801
165 2
	8.60322
	9.73653
166 0
167 0
168 2
	7.2701
	9.25093
169 2
	0.00841276
	8.58975
170 7
	2.53706
	2.82299
	3.08066
	3.16572
	4.90343
	5.4123
	8.91583
171 3
	2.22052
	7.55393
	9.1177
172 2
	9.24548
	9.59247
173 6
	5.5593
	6.68884
	7.96336
	9.0888
	9.28879
	9.77356
174 2
	6.30193
	9.31758
175 3
	1.12323
	4.71859
	4.85011
176 2
	5.84107
	8.63873
177 3
	6.19012
	6.31374
	8.50083
178 0
179 2
	0.952152
	4.57378
180 3
	5.23346
	8.63057
	9.34266
181 1
	8.62486
182 3
	1.18631
	9.36827
	9.74088
183 3
	1.41166
	1.93293
	6.14932
184 2
	1.11155
	5.07949
185 2
	4.8574
	7.17677
186 3
	4.25605
	5.79715
	6.22637
187 3
	6.8318
	7.54245
	8.33471
188 1
	9.23797
189 2
	5.0997
	8.2648
190 2
	7.71923
	8.45248
191 1
	7.57509
192 2
	2.27557
	7.55662
193 2
	3.44715
	6.99314
194 1
	8.75946
195 2
	1.50355
	4.15923
196 2
	0.115594
	5.3789
197 4
	1.3948
	2.83845
	6.19003
	7.74672
198 3
	6.16213
	8.97798
	9.33773
199 0
200 1
	2.70821
201 0
202 3
	0.040584
	6.85875
	7.95442
203 1
	2.1585
204 0
205 1
	3.26605
206 0
207 2
	9.04349
	9.42291
208 9
	2.32669
	3.52736
	4.82296
	5.62018
	6.90954
	7.36179
	7.87379
	8.26803
	8.36519
209 8
	0.319838
	1.26641
	2.09437
	2.37347
	2.46908
	5.02559
	6.56327
	9.31618
210 0
211 4
	7.73796
	8.51849
	9.09316
	9.48641
212 1
	7.75907
213 0
214 2
	5.40719
	5.71293
215 2
	0.217518
	7.36861
216 2
	0.167091
	3.97098
217 4
	2.10898
	8.38692
	9.07272
	9.50776
218 1
	9.81274
219 4
	4.15503
	4.5679
	8.55767
	9.64266
220 5
	1.1513
	5.25283
	5.50199
	9.24403
	9.29369
221 2
	6.19463
	9.26819
222 1
	5.37857
223 2
	4.17054
	6.15722
224 2
	1.44103
	2.9761
225 0
226 3
	7.64313
	8.55553
	9.17426
227 4
	1.97601
	4.41155
	4.48678
	9.78749
228 5
	4.69373
	5.91938
	5.91986
	6.835
	7.5967
229 1
	9.92257
230 0
231 0
232 2
	1.17083
	3.84915
233 3
	6.81956
	6.84679
	7.33117
234 2
	0.91262
	3.53043
235 1
	9.02738
236 2
	1.30422
	6.2831
237 3
	4.70562
	6.64278
	7.77272
238 0
239 6
	4.53639
	8.01031
	8.42216
	8.48104
	8.84254
	9.92942
240 3
	1.94366
	6.83939
	9.49699
241 2
	0.0715102
	8.22385
242 1
	9.04766
243 2
	7.25286
	7.34121
244 2
	7.30163
	7.89274
245 2
	6.31155
	7.45408
246 3
	3.57978
	3.73153
	8.13773
247 3
	3.47856
	7.5123
	8.31988
248 2
	2.53063
	9.88319
249 0
250 3
	2.28613
	5.7381
	9.34637
251 2
	3.19587
	9.51936
252 1
	5.34472
253 1
	9.48718
254 3
	4.12914
	7.86151
	8.89147
255 1
	0.719828
256 1
	9.55458
257 0
258 2
	6.76059
	9.03587
259 3
	0.205003
	3.05423
	3.27511
260 2
	1.69906
	6.42986
261 3
	6.81303
	8.10294
	9.94357
262 3
	3.73048
	6.06491
	7.41042
263 1
	9.34557
264 0
265 1
	3.97185
266 0
267 2
	2.69145
	8.63301
268 2
	2.47384
	6.29657
269 0
270 5
	4.18543
	5.68572
	6.54948
	7.52713
	9.49867
271 0
272 2
	8.43432
	9.08286
273 1
	4.96867
274 1
	8.32877
275 5
	3.14256
	4.56899
	7.09236
	7.53186
	9.28981
276 1
	7.40517
277 0
278 3
	8.62688
	9.17886
	9.44197
279 5
	0.882032
	1.64626
	2.28046
	5.5317
	7.64021
280 5
	2.69433
	6.26601
	8.55602
	8.84903
	9.29912
281 1
	6.19675
282 2
	6.50681
	7.07384
283 0
284 1
	9.20377
285 4
	3.51256
	7.8021
	8.50761
	8.60339
286 2
	0.750852
	8.48006
287 1
	9.04318
288 3
	0.456404
	0.892693
	8.14878
289 2
	3.9848
	7.91319
290 1
	6.25337
291 1
	1.69193
292 4
	0.852117
	1.06526
	1.15102
	1.38871
293 1
	4.14109
294 0
295 3
	3.86922
	7.66616
	9.13928
296 2
	7.22303
	9.35093
297 0
298 0
299 2
	1.34371
	2.1287
300 3
	7.5663
	7.61286
	8.64274
301 2
	4.48963
	8.03509
302 5
	5.02449
	5.04755
	5.15354
	5.39777
	6.13787
303 2
	4.994
	7.46936
304 2
	6.97736
	7.52008
305 2
	4.17835
	9.79235
306 2
	4.52725
	4.90499
307 0
308 11
	1.57011
	2.35872
	2.62029
	3.26231
	5.1989
	6.08625
	6.60177
	7.6664
	8.35115
	8.42215
	8.80967
309 1
	9.59764
310 5
	3.20275
	6.10347
	7.51121
	9.44846
	9.47301
311 2
	5.744
	8.01021
312 4
	2.98854
	4.76131
	7.61826
	9.2304
313 4
	5.81928
	7.89934
	9.11149
	9.5642
314 2
	1.48672
	1.61514
315 1
	0.0685396
316 5
	8.21391
	8.72242
	8.75074
	9.27159
	9.8132
317 0
318 6
	0.193367
	6.89865
	7.56957
	7.58108
	7.71361
	8.09624
319 3
	0.673616
	1.30476
	9.38408
320 1
	3.32922
321 1
	8.73834
322 2
	4.20949
	9.98201
323 1
	2.4178
324 1
	7.21898
325 3
	7.86239
	8.30437
	9.12048
326 3
	3.74661
	8.90312
	9.10839
327 2
	2.59206
	2.70759
328 1
	8.75562
329 2
	3.89071
	8.52288
330 0
331 0
332 1
	3.47219
333 2
	4.58771
	9.2065
334 1
	4.45993
335 3
	2.82875
	7.71691
	9.75354
336 7
	4.16701
	4.54295
	4.87607
	6.78413
	6.88625
	9.35863
	9.93488
337 5
	2.84731
	3.6129
	5.11239
	7.41355
	7.88077
338 8
	1.66766
	1.67695
	2.62918
	4.25972
	4.63894
	5.7257
	8.78764
	9.0738
339 4
	2.81505
	6.07553
	8.14342
	8.88767
340 4
	4.54679
	7.61102
	8.73253
	8.78947
341 2
	8.01633
	8.99569
342 3
	5.86517
	7.00909
	9.98036
343 1
	8.91055
344 8
	1.00689
	1.758
	4.24815
	5.20028
	5.93155
	7.13795
	9.23094
	9.47569
345 7
	4.01342
	4.28336
	5.62231
	8.89195
	8.97017
	9.52665
	9.8013
346 4
	2.81897
	4.69048
	4.98467
	8.23118
347 3
	6.90019
	8.97526
	9.72503
348 3
	7.58131
	8.39419
	9.73723
349 4
	6.3883
	7.13575
	9.30802
	9.84665
350 2
	8.04751
	9.90513
351 5
	2.70793
	2.96367
	3.52523
	7.97944
	9.25441
352 2
	7.71542
	9.70532
353 5
	4.06776
	5.15021
	7.07828
	8.07792
	8.18468
354 3
	8.40578
	9.05923
	9.10915
355 9
	2.12643
	6.00322
	6.14874
	6.31657
	6.57528
	7.05543
	8.30647
	9.76708
	9.96416
356 3
	4.10789
	7.10463
	9.73603
357 6
	3.06439
	5.50289
	7.92642
	8.0105
	9.23189
	9.55551
358 4
	0.297845
	6.70475
	6.92279
	8.66377
359 1
	5.03231
360 1
	2.63352
361 4
	6.23654
	7.5815
	8.60042
	9.11169
362 3
	1.81734
	2.37382
	8.91794
363 4
	1.17909
	4.22132
	4.85495
	9.35193
364 2
	2.38579
	7.57783
365 4
	2.40652
	6.50225
	7.59913
	9.68223
366 6
	0.702135
	4.33407
	5.98501
	6.11212
	8.63872
	9.16669
367 4
	2.35955
	6.022
	6.16949
	7.4417
368 2
	9.54377
	9.88495
369 3
	4.20113
	8.17549
	9.36764
370 0
371 2
	4.38972
	5.05453
372 2
	2.16337
	3.77075
373 2
	8.52191
	9.73859
374 0
375 4
	2.13657
	4.73997
	5.09895
	9.37168
376 4
	1.13651
	8.4627
	8.57804
	8.79923
377 1
	6.74135
378 2
	9.14024
	9.24533
379 1
	3.42096
380 2
	2.43027
	9.66192
381 5
	2.33414
	2.37446
	5.2653
	7.60563
	9.41055
382 2
	7.48883
	9.41991
383 8
	2.17843
	4.7946
	7.87827
	7.89014
	8.24253
	8.87046
	8.88531
	9.85926
384 6
	7.26748
	7.52033
	7.67807
	7.76613
	8.02852
	8.10806
385 4
	1.85567
	7.25509
	8.10025
	8.98981
386 2
	4.89891
	6.75173
387 3
	5.6328
	9.11269
	9.7804
388 9
	3.75231
	4.9115
	5.8203
	6.78073
	7.9673
	8.13108
	8.64667
	8.66785
	9.76595
389 6
	2.4877
	5.53483
	7.95594
	8.64754
	8.89306
	8.94256
390 1
	9.87992
391 7
	0.614175
	1.03494
	3.67081
	5.86348
	5.94471
	7.11837
	7.64186
392 3
	5.05736
	9.58468
	9.76621
393 6
	1.84793
	2.66217
	8.04654
	8.46841
	9.10115
	9.53506
394 3
	2.95493
	7.40188
	9.84116
395 11
	1.64548
	2.88203
	3.11848
	3.76608
	6.83223
	6.95472
	8.1179
	8.18054
	8.38478
	8.45082
	9.34013
396 2
	5.17442
	7.19989
397 8
	4.07019
	5.02984
	5.59429
	7.90677
	8.12504
	8.55393
	8.67461
	8.71957
398 4
	2.91833
	5.22175
	8.50412
	9.97371
399 10
	0.142776
	0.48981
	0.926701
	3.84388
	4.81436
	5.93117
	6.35488
	7.85508
	7.97689
	8.8807
400 4
	2.05235
	3.21219
	5.35932
	7.98828
401 3
	5.62366
	9.0519
	9.36134
402 3
	5.7063
	6.68796
	7.9762
403 2
	6.00642
	7.6785
404 7
	5.19787
	6.45748
	7.88085
	8.29342
	8.59599
	9.29383
	9.30992
405 0
406 1
	9.93819
407 0
408 6
	3.93837
	4.73269
	5.79418
	7.97547
	8.25318
	9.20585
409 3
	4.21745
	5.82317
	9.39428
410 2
	6.72905
	9.35322
411 3
	1.98776
	3.1351
	3.9087
412 5
	6.74889
	7.25737
	7.63873
	8.99946
	9.941
413 1
	2.46544
414 3
	7.05574
	7.46236
	9.15188
415 2
	5.30194
	6.85565
416 3
	2.25592
	3.38296
	7.86264
417 6
	4.94699
	5.25888
	6.03628
	7.05328
	7.37419
	9.84579
418 2
	4.92983
	9.60492
419 6
	2.96346
	8.39627
	9.1882
	9.5762
	9.81408
	9.85288
420 2
	6.36878
	6.55538
421 4
	1.91878
	8.31776
	8.52079
	8.83335
422 9
	0.687911
	1.50114
	2.85747
	3.72323
	4.78461
	6.88867
	7.51377
	9.27253
	9.95548
423 0
424 4
	1.12449
	5.48279
	8.90263
	9.75376
425 4
	3.38509
	9.55635
	9.87191
	9.94725
426 2
	4.01913
	9.73763
427 4
	0.18322
	3.27686
	7.24488
	9.83178
428 1
	9.12254
429 2
	3.45274
	9.30146
430 1
	9.71183
431 2
	0.121879
	7.47134
432 3
	4.03465
	4.08226
	7.99094
433 5
	7.1128
	7.8373
	8.13174
	9.59508
	9.78191
434 3
	9.0725
	9.69866
	9.89342
435 8
	7.17609
	7.63899
	7.69288
	7.794
	8.83029
	8.84819
	9.0147
	9.18626
436 7
	5.8107
	6.42913
	6.64296
	6.67949
	8.16848
	9.38599
	9.53462
437 8
	3.58086
	6.16148
	6.20267
	8.39093
	8.69456
	8.98366
	9.7788
	9.84964
438 3
	4.74584
	5.79142
	6.78773
439 5
	4.18913
	5.66942
	5.91588
	8.77975
	9.53323
440 13
	1.08237
	3.01457
	3.21643
	6.24545
	6.95776
	8.40563
	8.63008
	9.03095
	9.31682
	9.77764
	9.82421
	9.90348
	9.9219
441 12
	0.73009
	2.90776
	2.95508
	3.69582
	6.69893
	6.73822
	7.74733
	7.99769
	8.12745
	8.16292
	8.60977
	9.80407
442 7
	3.26119
	3.63302
	5.11814
	7.04052
	8.63054
	9.45953
	9.5579
443 8
	1.6891
	6.2065
	7.42712
	7.83361
	8.41212
	8.90713
	9.40087
	9.45091
444 6
	5.92127
	6.18803
	8.12321
	8.53605
	9.10019
	9.65364
445 8
	3.44886
	3.86867
	6.30537
	7.80095
	8.44188
	8.92575
	9.31169
	9.99132
446 6
	1.06362
	1.4201
	2.45789
	8.28777
	8.58815
	9.48828
447 9
	2.40812
	6.18226
	7.11071
	8.0817
	8.9159
	9.51977
	9.601
	9.87198
	9.97415
448 9
	1.42667
	4.58645
	4.60128
	4.91648
	5.58273
	8.24968
	8.77166
	9.78387
	9.89414
449 3
	1.86658
	2.43983
	3.35277
450 6
	4.96331
	5.12787
	5.34681
	6.796
	7.22473
	8.0016
451 2
	7.75273
	9.25143
452 5
	0.754196
	2.11423
	3.6213
	8.37652
	8.88967
453 7
	5.45612
	5.99883
	6.19569
	8.42769
	8.56244
	8.76815
	9.01655
454 5
	3.68376
	6.23898
	6.45093
	6.73707
	8.45047
455 8
	3.34752
	3.96981
	4.57282
	4.91881
	6.28735
	8.04984
	9.41673
	9.94985
456 5
	1.2695
	2.14837
	3.26713
	5.393
	8.41641
457 13
	3.95681
	5.68206
	6.49961
	7.07958
	7.10494
	7.71919
	7.84952
	8.33884
	8.70343
	8.86898
	8.99763
	9.67748
	9.88777
458 11
	3.21342
	3.27112
	4.49558
	6.33138
	6.83584
	8.69957
	9.32923
	9.61571
	9.70204
	9.80356
	9.87045
459 9
	3.3426
	6.78215
	7.32939
	7.51932
	7.88987
	8.39082
	9.39117
	9.58615
	9.77896
460 10
	3.04791
	3.26951
	5.96443
	6.84826
	7.22207
	8.1397
	8.91058
	9.14845
	9.50003
	9.8289
461 3
	4.72983
	5.51306
	7.0119
462 6
	1.55027
	5.06777
	5.43516
	6.3896
	7.24479
	8.19745
463 17
	1.74186
	2.92748
	3.16401
	4.98626
	5.58801
	6.62155
	7.19785
	7.22288
	7.27533
	7.73368
	7.86807
	7.93862
	8.19055
	8.79168
	9.29601
	9.60165
	9.64272
464 6
	3.56838
	8.10448
	8.12286
	8.95797
	9.84925
	9.9476
465 22
	3.56987
	4.92861
	5.34018
	6.18707
	6.33291
	7.13163
	7.25682
	7.62851
	7.67666
	7.9365
	8.1701
	8.18358
	8.43593
	8.55353
	8.66993
	8.89926
	9.23359
	9.51255
	9.52268
	9.73148
	9.74888
	9.79988
466 12
	1.71433
	4.5918
	4.75867
	4.80084
	7.65306
	7.73085
	7.90648
	8.50294
	8.9638
	9.06832
	9.32749
	9.45911
467 16
	0.521057
	3.12131
	3.17701
	3.98865
	4.30555
	4.42426
	6.47727
	7.38623
	7.58776
	8.14729
	8.38221
	8.5927
	8.67943
	9.00837
	9.65928
	9.8737
468 9
	1.61459
	5.42815
	5.8775
	6.29855
	7.52266
	8.31847
	9.10357
	9.2808
	9.92441
469 15
	0.317116
	1.81279
	3.25882
	6.04824
	6.12034
	6.34703
	7.01651
	7.02751
	8.0399
	8.46192
	8.96166
	9.39359
	9.54847
	9.74526
	9.85086
470 12
	3.85074
	5.1004
	5.38791
	6.66516
	6.66911
	7.49367
	7.73508
	8.40099
	8.82577
	9.58634
	9.67179
	9.70715
471 10
	1.10024
	3.52855
	3.89362
	7.44877
	7.58481
	8.08015
	8.46117
	8.82887
	8.94075
	9.19887
472 17
	1.64413
	2.69522
	3.06602
	4.78318
	6.92997
	7.20706
	7.27625
	7.37874
	7.44542
	8.0896
	8.41771
	8.79879
	8.80775
	8.84286
	8.89094
	9.4016
	9.78509
473 11
	3.15988
	3.54661
	4.75995
	5.77421
	6.04485
	6.47446
	7.32578
	7.53158
	8.8215
	9.37657
	9.85548
474 14
	1.43563
	2.29508
	2.33069
	5.59375
	5.95819
	6.63068
	7.28618
	7.6421
	7.66493
	8.47483
	9.33525
	9.51161
	9.67826
	9.84585
475 20
	1.44065
	2.68302
	3.43315
	3.47569
	3.59022
	3.87416
	4.92867
	5.62789
	6.70116
	7.43105
	7.44769
	7.5905
	9.05715
	9.18002
	9.25036
	9.25506
	9.40705
	9.58613
	9.67109
	9.91246
476 4
	5.88713
	6.41751
	6.85063
	7.64752
477 19
	2.085
	4.05813
	4.51829
	5.46763
	6.28448
	6.4939
	6.58044
	7.03316
	7.11961
	7.28617
	7.32173
	7.98606
	8.2391
	8.31451
	8.84848
	8.99726
	9.0421
	9.79273
	9.9583
478 9
	1.11769
	2.56835
	6.78942
	8.43277
	8.49877
	8.59156
	8.74049
	9.11965
	9.5857
479 14
	1.67831
	5.07502
	5.6075
	5.72552
	5.93822
	7.1132
	7.25971
	7.99696
	8.2443
	8.55366
	8.67875
	9.26508
	9.2969
	9.80003
480 4
	2.89974
	6.89431
	8.96217
	9.00853
481 18
	0.457027
	2.20853
	3.88348
	4.36745
	5.0662
	5.30966
	5.58691
	5.72098
	7.4406
	7.62807
	7.70294
	8.10613
	8.24346
	8.43082
	8.8268
	8.9869
	9.30763
	9.67818
482 8
	4.45233
	4.52429
	6.472
	6.71161
	7.8455
	8.24185
	8.54361
	9.10175
483 11
	4.29599
	6.95907
	7.75438
	8.11787
	8.17802
	8.74046
	8.88222
	8.97787
	9.27537
	9.53679
	9.86857
484 16
	1.18447
	2.51996
	2.79118
	4.85427
	5.05287
	6.02256
	6.2888
	6.7343
	7.14361
	7.50493
	7.66317
	7.95415
	8.63034
	8.86852
	9.87903
	9.88905
485 11
	1.64877
	6.41603
	6.84113
	8.12981
	8.57859
	9.22015
	9.30418
	9.34435
	9.365
	9.44433
	9.77708
486 16
	2.39457
	4.22801
	5.42249
	6.89609
	6.98874
	7.19299
	7.32132
	7.67444
	8.23563
	8.45337
	8.5572
	8.8113
	8.91167
	9.14285
	9.70669
	9.89717
487 16
	4.57267
	4.70582
	4.87129
	5.08371
	5.1379
	5.57085
	7.84544
	8.37682
	8.63866
	8.73149
	8.76412
	8.81049
	9.07818
	9.21812
	9.26558
	9.38475
488 14
	0.833534
	1.02481
	2.32366
	4.79551
	5.25422
	5.48558
	6.86055
	7.13406
	7.13977
	8.22977
	8.78115
	8.81177
	9.3208
	9.59459
489 25
	0.0667097
	2.21538
	2.2183
	2.97602
	4.28819
	4.57863
	4.71954
	4.93313
	5.18603
	5.36304
	5.43608
	5.9775
	6.06091
	6.57541
	6.68666
	6.90491
	7.79749
	7.82234
	7.82545
	7.87038
	8.13156
	8.21151
	8.40122
	8.43485
	9.17948
490 15
	4.30843
	4.73138
	4.80747
	5.45394
	6.74104
	7.2317
	7.60418
	7.97018
	8.0471
	8.72281
	8.72693
	9.3668
	9.40955
	9.47636
	9.61549
491 24
	1.01422
	3.87768
	4.81672
	5.48372
	5.54465
	5.61769
	5.7313
	5.92521
	6.16679
	6.45852
	6.52978
	6.95612
	7.3817
	7.47094
	7.54106
	7.92228
	8.03512
	8.23819
	8.42357
	8.76195
	9.29859
	9.56174
	9.72357
	9.77885
492 28
	0.0512708
	1.3036
	1.44962
	2.64161
	2.64854
	2.75683
	3.62202
	6.0783
	6.12054
	6.47359
	7.36671
	7.42215
	7.45096
	7.45711
	7.52173
	7.62314
	8.20544
	8.26222
	8.33599
	8.33759
	8.49952
	8.55126
	8.61214
	8.95603
	9.3036
	9.3748
	9.69574
	9.83562
493 27
	0.232841
	0.874933
	1.46389
	3.07679
	3.73721
	4.13918
	4.88134
	6.11838
	6.45771
	6.7016
	7.08114
	7.12781
	7.25932
	8.23253
	8.3199
	8.61365
	8.62788
	8.8955
	9.03033
	9.0419
	9.05718
	9.08326
	9.26716
	9.45881
	9.62873
	9.64298
	9.71554
494 31
	1.04031
	2.41887
	2.73815
	3.2084
	3.2458
	3.81383
	4.03141
	4.67367
	5.39484
	6.32058
	6.44885
	6.63498
	7.0758
	7.21513
	7.31277
	7.67228
	7.89175
	7.98275
	8.13828
	8.30803
	8.6331
	8.88704
	8.91485
	9.13743
	9.18791
	9.33819
	9.42226
	9.47788
	9.50378
	9.55487
	9.99722
495 30
	0.317369
	3.78487
	3.95208
	5.20332
	5.39228
	6.39671
	6.96404
	7.30053
	7.39697
	7.4434
	7.46609
	7.48661
	7.80046
	7.94251
	8.0246
	8.07505
	8.10615
	8.15644
	8.25129
	8.99866
	9.21013
	9.36258
	9.49025
	9.51527
	9.53542
	9.57282
	9.66857
	9.67518
	9.71283
	9.79756
496 35
	3.06358
	4.17425
	4.72501
	4.99117
	5.62713
	5.86048
	5.87446
	6.34256
	6.39275
	6.7038
	6.79761
	6.82443
	6.94901
	6.96856
	7.11599
	7.18452
	7.23244
	7.27877
	7.73412
	7.82697
	7.9385
	8.09867
	8.63448
	8.65303
	8.81192
	8.94801
	9.05875
	9.05971
	9.08389
	9.24503
	9.36058
	9.56676
	9.59027
	9.72877
	9.98252
497 39
	3.74877
	4.10869
	4.3382
	4.35082
	4.43536
	4.55561
	5.09853
	5.80458
	6.23499
	6.87945
	7.36992
	7.41973
	7.48836
	7.54132
	7.60293
	7.77033
	7.80881
	7.8226
	7.92959
	8.1022
	8.21988
	8.24061
	8.37376
	8.454
	8.49527
	8.5372
	8.58939
	8.94266
	9.10272
	9.12799
	9.25588
	9.38773
	9.52173
	9.53847
	9.62464
	9.68063
	9.71657
	9.95
	9.99753
498 41
	0.370316
	0.589209
	1.85672
	2.91086
	2.98605
	4.12459
	4.72196
	4.73758
	4.77601
	5.11838
	5.50465
	5.95815
	6.33613
	6.50495
	6.64985
	6.81928
	6.82653
	7.00464
	7.34281
	7.34452
	7.50329
	7.68115
	7.71419
	7.73851
	7.77495
	8.15572
	8.23326
	8.30611
	8.45646
	8.66345
	8.8002
	9.17252
	9.18006
	9.22177
	9.22546
	9.24215
	9.30724
	9.6132
	9.65477
	9.92367
	9.92877
499 41
	1.02594
	1.20165
	2.19959
	2.92594
	2.9451
	3.2966
	3.31463
	3.33486
	3.33752
	4.831
	5.93883
	6.02535
	6.12492
	6.34964
	6.39815
	6.56839
	6.88116
	6.96211
	7.20101
	7.21468
	7.27193
	7.50866
	7.67535
	7.7442
	7.80225
	7.85329
	7.94687
	8.02316
	8.05818
	8.28731
	8.54392
	8.5619
	8.62936
	8.67786
	8.72474
	9.31342
	9.401
	9.4465
	9.52726
	9.58758
	9.6591
