100
0 16
	0.277898
	7.45348
	19.9489
	36.6427
	42.47
	43.1779
	46.0032
	48.7139
	51.0463
	52.2682
	84.1305
	85.0798
	85.0906
	85.6229
	85.9265
	99.0788
1 25
	38.9973
	39.6364
	52.4574
	52.7632
	54.7445
	54.9351
	55.3307
	55.7674
	56.868
	61.9683
	64.1726
	64.2736
	65.1022
	66.4746
	68.7527
	69.3876
	73.2456
	74.1055
	77.6198
	91.1201
	91.9726
	92.2831
	94.5484
	99.4988
	99.8173
2 15
	3.90423
	8.07907
	8.65614
	9.33406
	10.2797
	10.6131
	10.9111
	14.9989
	15.0459
	31.0907
	59.6956
	61.7373
	86.4009
	86.6382
	89.9187
3 22
	1.18911
	10.0832
	14.8214
	22.7332
	23.9451
	30.0801
	46.4503
	47.5377
	49.4938
	50.4996
	57.4851
	65.0609
	83.7552
	85.5367
	86.056
	86.2322
	86.6638
	86.9592
	89.5394
	90.9585
	95.5976
	96.1161
4 21
	1.1706
	1.51461
	1.55661
	3.02992
	6.47704
	7.09263
	7.42635
	14.0777
	14.3274
	15.3473
	16.1498
	25.3279
	26.0158
	32.7248
	37.0224
	38.0683
	38.1895
	49.2301
	68.7095
	87.4757
	89.1291
5 31
	8.0045
	17.0266
	17.498
	18.643
	18.9431
	20.3509
	21.9082
	22.5292
	23.041
	23.0499
	28.2268
	31.2956
	35.154
	44.0833
	46.073
	46.1977
	47.9864
	48.0592
	56.0531
	57.7973
	57.9917
	61.6406
	67.5374
	67.5914
	70.1531
	70.8253
	72.0959
	75.167
	78.364
	78.7001
	83.573
6 27
	13.6733
	33.4914
	33.5299
	51.2586
	54.344
	55.3702
	58.118
	60.8542
	69.7004
	69.7231
	70.419
	70.5429
	70.8082
	71.8085
	72.3883
	74.3275
	74.9762
	75.0334
	75.1007
	75.1471
	75.4046
	75.4984
	76.8303
	76.8357
	77.7207
	79.542
	79.9858
7 23
	4.07177
	14.0027
	15.341
	15.9161
	16.0325
	16.733
	17.6255
	22.9264
	26.2583
	26.5102
	27.2435
	33
	46.8066
	60.2168
	60.671
	62.4486
	65.2108
	67.3497
	70.0273
	70.3259
	76.1582
	85.4228
	91.8281
8 32
	4.39147
	6.68538
	6.96022
	26.4226
	26.5322
	27.7036
	27.7445
	29.9117
	36.5533
	36.6729
	37.4177
	42.5263
	43.0463
	43.3589
	43.4719
	44.0781
	44.2556
	44.867
	47.3532
	50.7319
	54.145
	56.0008
	64.8474
	69.1519
	70.5526
	72.2984
	72.375
	80.735
	84.2812
	86.521
	96.7946
	99.1046
9 27
	3.74194
	4.60171
	5.51464
	7.71153
	9.5986
	11.5018
	12.1651
	14.6519
	18.7822
	28.1037
	28.5236
	32.7651
	36.9391
	37.0437
	40.0099
	53.0522
	56.6799
	58.5396
	58.6031
	60.0412
	70.3697
	72.7592
	74.9411
	76.962
	97.0207
	98.9622
	99.7496
10 20
	11.1244
	15.6507
	16.1774
	25.3044
	32.7293
	37.4758
	50.5222
	61.3142
	62.2234
	64.057
	67.1681
	67.4466
	67.6791
	68.0183
	71.1532
	73.2209
	74.8065
	77.3478
	79.2992
	87.5719
11 30
	24.5568
	24.7909
	25.1159
	27.8284
	29.1714
	35.0888
	37.9823
	43.5044
	45.4588
	48.401
	48.6731
	52.8854
	54.3689
	55.0285
	57.3551
	61.4333
	63.5776
	63.8914
	64.0773
	64.3585
	67.7394
	72.3988
	74.5721
	77.0617
	78.4814
	80.302
	84.1099
	91.1772
	91.6934
	96.0721
12 28
	2.16926
	5.00303
	6.83073
	14.219
	17.6878
	17.7074
	18.1324
	19.0293
	21.692
	22.2545
	22.331
	22.5508
	22.6311
	22.7448
	22.7738
	23.9465
	24.1957
	25.164
	29.0437
	35.8369
	36.5077
	54.2434
	54.9226
	62.163
	62.5023
	70.3559
	80.5918
	81.1774
13 32
	8.77138
	10.2989
	11.5278
	12.6391
	16.4138
	18.285
	18.7354
	19.1009
	19.1248
	19.9594
	20.1446
	20.1796
	27.3201
	28.1138
	30.2108
	32.1522
	33.0001
	40.5346
	40.7162
	42.0454
	44.2786
	45.237
	45.3823
	47.1121
	56.8233
	67.7951
	88.621
	90.3355
	90.3385
	96.9398
	97.6356
	98.4646
14 9
	5.39494
	58.7664
	59.4807
	65.3411
	69.9062
	79.2083
	79.9411
	93.0478
	96.6441
15 16
	2.83935
	8.12105
	8.28113
	11.6318
	15.1255
	33.5332
	34.7243
	59.2065
	65.2358
	84.231
	90.8748
	91.4964
	93.7259
	94.0963
	94.2288
	94.7975
16 19
	18.5066
	27.6871
	31.7808
	32.1933
	36.8045
	41.7723
	42.3605
	43.9873
	47.8242
	50.6737
	54.0686
	57.5247
	60.8306
	85.5341
	85.5774
	85.6533
	86.1495
	86.6734
	91.7379
17 26
	2.36401
	7.41985
	10.9132
	14.2905
	38.0774
	38.453
	39.5648
	39.6216
	47.2425
	49.4544
	51.8318
	52.5915
	53.0992
	53.8694
	54.2703
	54.4985
	56.3152
	59.2474
	62.221
	62.77
	63.8247
	73.5229
	85.7916
	97.9302
	99.1129
	99.1932
18 14
	7.83943
	8.17816
	24.3663
	30.8022
	37.7885
	38.2922
	43.221
	43.9193
	45.2955
	46.5851
	48.6489
	49.3178
	54.9281
	70.5333
19 15
	10.5422
	20.4113
	20.4549
	20.5385
	20.5732
	21.6874
	22.2929
	27.811
	44.1088
	55.3582
	56.9243
	74.9515
	76.0892
	77.588
	99.1667
20 26
	3.43152
	3.66451
	4.80984
	7.52851
	9.88787
	10.8819
	36.5342
	39.2121
	39.9497
	50.2776
	50.5042
	50.6301
	50.7461
	50.7738
	50.8326
	50.9222
	51.8003
	52.2833
	54.6008
	54.9458
	56.4217
	56.5673
	56.8287
	56.8551
	63.5428
	91.859
21 20
	4.86171
	9.85681
	19.5245
	22.4098
	30.3715
	30.9438
	39.0661
	50.4891
	50.5457
	59.2566
	61.3552
	64.1811
	68.6159
	68.8891
	69.0113
	78.8761
	88.7321
	91.5568
	92.1951
	98.1806
22 14
	3.47957
	4.73746
	31.4085
	38.8769
	56.6339
	56.7918
	70.6412
	73.4508
	74.1304
	77.9967
	78.7548
	93.8385
	95.6751
	96.2106
23 22
	7.72294
	8.93162
	19.4243
	21.4781
	22.6387
	36.6546
	38.3967
	46.5352
	56.2015
	57.7327
	58.2267
	58.7045
	59.5107
	59.8836
	60.2033
	61.0813
	61.6825
	61.9166
	67.9921
	73.9594
	75.1273
	79.4994
24 14
	15.9952
	20.4869
	20.7629
	21.4465
	32.4803
	40.9806
	44.152
	47.363
	48.2202
	54.2853
	67.1748
	82.1556
	92.1115
	93.0634
25 8
	0.349614
	6.89148
	18.6892
	24.6649
	25.7296
	38.2455
	79.1364
	79.9299
26 14
	3.91349
	8.31588
	26.5327
	27.7394
	46.2961
	46.9198
	47.2723
	51.3116
	71.1468
	71.9925
	72.1387
	72.3136
	73.4342
	73.7341
27 21
	6.25425
	8.41622
	15.0155
	15.1569
	18.5784
	19.6965
	28.9151
	29.9112
	40.8231
	68.0226
	73.2844
	74.2121
	74.5429
	74.9534
	75.0903
	79.7986
	79.9461
	82.773
	82.9276
	84.4913
	90.5934
28 24
	3.97128
	4.40012
	4.40967
	7.31051
	8.69728
	12.5895
	13.6596
	15.0357
	22.7174
	45.6222
	51.6283
	59.3584
	59.4311
	69.4675
	70.9228
	71.7027
	76.5061
	77.6017
	82.4522
	82.6596
	85.2989
	94.8526
	98.4215
	99.1419
29 19
	16.6277
	20.3749
	24.416
	35.1863
	38.7267
	39.7606
	41.431
	51.9403
	55.09
	59.8648
	60.0042
	60.4717
	61.3905
	62.7871
	65.2653
	69.797
	78.6283
	84.1032
	87.0104
30 14
	15.7899
	17.0726
	17.4878
	30.6121
	33.3536
	47.6898
	71.2514
	71.4605
	76.5035
	77.049
	77.5883
	79.5611
	83.0758
	99.5508
31 28
	3.5272
	8.8474
	33.8285
	45.847
	52.3178
	53.9468
	68.3023
	68.5891
	68.7085
	69.02
	69.8395
	71.3873
	72.7829
	76.6572
	78.1322
	80.7252
	82.5044
	89.1555
	92.3498
	92.4972
	93.5018
	93.6529
	93.7029
	93.9611
	94.3995
	94.5372
	95.0086
	99.4203
32 30
	1.25999
	2.027
	3.84018
	4.50056
	5.33019
	5.534
	16.252
	18.5548
	28.3825
	40.0601
	40.8715
	42.1691
	46.395
	47.542
	47.6933
	47.7859
	50.6171
	56.7279
	56.7754
	57.6928
	59.4284
	64.386
	66.5623
	67.7753
	69.4034
	80.2264
	80.5456
	91.9345
	95.9549
	95.9601
33 24
	27.1819
	33.9295
	35.492
	48.204
	57.9272
	63.1502
	63.7561
	63.7844
	66.1605
	66.2244
	66.5141
	67.2208
	68.4946
	68.6155
	68.6567
	69.1241
	69.1363
	69.255
	71.2449
	71.4312
	73.3797
	74.3226
	74.4778
	81.8934
34 9
	0.259841
	9.16087
	42.8836
	46.4397
	47.1658
	60.3859
	61.7076
	68.1318
	82.0197
35 11
	16.2468
	28.811
	31.106
	41.5091
	41.8847
	42.2449
	42.3398
	42.9511
	47.7031
	62.4612
	93.3331
36 10
	18.7342
	19.1619
	30.6045
	33.3871
	33.5268
	47.9092
	48.7468
	62.948
	79.0219
	96.6568
37 19
	2.72978
	31.2495
	31.7281
	40.5979
	53.102
	53.6198
	54.3302
	54.5396
	58.0154
	58.4659
	61.3751
	64.4849
	65.904
	66.3388
	67.8432
	91.5134
	91.882
	92.9254
	93.6146
38 24
	3.81182
	7.40943
	8.40337
	10.5587
	12.2423
	12.6417
	12.8726
	13.8175
	16.7807
	31.8928
	32.6923
	33.0556
	33.1336
	38.205
	40.3347
	52.9125
	54.3383
	64.0726
	65.0133
	66.1923
	68.9927
	80.3011
	80.5414
	91.3549
39 23
	8.29507
	15.8305
	26.8176
	45.139
	45.3
	46.215
	47.1562
	48.8105
	48.8691
	51.2023
	66.1033
	72.9487
	72.9785
	74.7097
	75.2313
	75.3991
	78.1527
	82.2247
	82.912
	84.3264
	89.1058
	95.6348
	99.8916
40 24
	23.8656
	35.0281
	35.1053
	35.4233
	53.9123
	54.0041
	54.8314
	61.8679
	62.9342
	63.5565
	64.1965
	66.5867
	66.7686
	69.2338
	70.3811
	70.4706
	71.7678
	72.0121
	72.4667
	79.1078
	83.2516
	83.9413
	92.076
	99.026
41 22
	5.72652
	12.8184
	14.6639
	15.9358
	16.1202
	16.1987
	16.7099
	17.9639
	19.8166
	20.3247
	40.0923
	50.4009
	55.507
	62.8287
	68.0884
	68.1875
	70.7606
	76.1235
	79.1662
	95.9748
	96.2565
	96.6783
42 22
	3.10139
	3.32012
	6.88098
	7.22225
	7.34718
	8.36934
	9.03405
	13.4267
	37.0928
	42.4476
	42.7002
	47.0922
	47.5698
	47.6057
	48.9017
	70.432
	71.3882
	74.2494
	79.2414
	80.8067
	81.0401
	81.1072
43 20
	1.87448
	3.79746
	4.66008
	11.7623
	22.4645
	28.6891
	30.9438
	58.7411
	59.0454
	69.9459
	75.2343
	76.03
	76.5103
	83.2288
	83.2507
	83.4975
	84.5431
	84.6511
	91.1285
	96.2966
44 31
	0.736981
	8.10901
	8.50034
	10.5787
	10.6276
	13.6419
	14.0869
	27.4142
	29.7242
	33.1795
	39.874
	40.1827
	57.3159
	57.3436
	58.8323
	59.388
	61.6463
	69.1727
	69.2711
	70.5325
	73.4201
	79.5613
	80.452
	82.6604
	84.5604
	84.9348
	85.0313
	92.2985
	93.28
	93.8591
	94.9784
45 15
	6.56807
	8.26031
	13.2856
	15.6273
	15.7577
	16.0226
	16.7622
	17.545
	17.8757
	25.2619
	25.2789
	25.4107
	33.2604
	65.6511
	99.7331
46 30
	8.89369
	8.95806
	17.0877
	17.3785
	17.7554
	18.1706
	18.4714
	19.0578
	19.6961
	20.6229
	25.7611
	28.9645
	29.1429
	29.5104
	29.6596
	31.5218
	31.7945
	33.5435
	38.2513
	53.2325
	53.3704
	53.7988
	53.9417
	53.9498
	54.4744
	55.3519
	56.5562
	70.3175
	95.3574
	97.8111
47 22
	12.0535
	16.6284
	28.1422
	29.561
	31.5958
	50.131
	50.2485
	50.8328
	62.4931
	62.8707
	65.284
	65.5106
	66.1045
	66.9534
	70.1012
	77.6853
	84.0128
	87.0438
	87.5997
	90.2805
	92.9935
	99.316
48 14
	2.08111
	2.55443
	21.5105
	31.8291
	32.5163
	33.657
	43.0416
	43.0715
	43.802
	56.5756
	73.1708
	75.7332
	89.2337
	97.4374
49 19
	2.92752
	5.67863
	6.8634
	8.51321
	9.54153
	10.197
	15.373
	23.04
	24.1467
	43.4963
	49.9739
	61.2375
	61.7392
	65.1152
	65.4118
	70.4781
	75.3067
	92.1027
	99.8875
50 16
	0.797252
	0.909036
	1.53602
	2.60369
	8.6845
	10.0371
	10.045
	15.2011
	18.0123
	18.331
	62.7372
	67.3793
	75.9326
	76.6882
	96.4374
	97.2028
51 23
	8.12467
	8.14198
	9.45801
	25.5007
	26.3173
	29.7805
	43.4586
	43.5727
	44.4718
	53.0369
	57.374
	62.5255
	63.8777
	68.4388
	77.4241
	80.4558
	80.6886
	81.1813
	83.6567
	84.1756
	84.5439
	84.8151
	89.3994
52 20
	18.5016
	24.1531
	24.5227
	24.7782
	24.8513
	36.0806
	40.9743
	51.4379
	57.0026
	57.9154
	61.3665
	66.3538
	76.5027
	77.7291
	82.4265
	86.8467
	88.1944
	88.5566
	88.6986
	89.5462
53 19
	7.60351
	7.98245
	8.27321
	8.30159
	8.81162
	10.3811
	24.7311
	29.1132
	29.4013
	43.1836
	46.0395
	49.0603
	55.0112
	55.1968
	61.7203
	74.9209
	80.6258
	84.6354
	89.2422
54 18
	15.2827
	34.0867
	34.6032
	34.688
	34.799
	39.38
	44.6145
	52.1887
	58.262
	60.1151
	60.2947
	61.7052
	63.2529
	63.859
	74.116
	74.2493
	76.6598
	97.8857
55 18
	1.2624
	1.55331
	2.66368
	3.44268
	4.13857
	4.43892
	19.1675
	21.051
	21.3104
	22.8136
	25.6144
	34.1508
	49.6575
	49.7704
	52.9925
	57.409
	66.19
	66.9559
56 13
	11.0352
	12.7869
	17.3798
	22.3453
	40.5977
	56.8899
	56.9152
	69.7948
	81.7298
	85.2915
	85.8789
	86.7323
	98.1698
57 29
	2.02197
	29.5909
	29.6765
	29.881
	41.3621
	41.4042
	42.255
	43.558
	46.9025
	47.652
	47.7078
	56.7328
	62.4972
	63.9196
	68.1583
	72.0395
	72.7803
	74.5718
	74.9352
	77.8252
	92.5288
	93.2719
	93.5491
	93.6509
	94.0113
	94.4396
	94.4809
	94.6039
	95.1568
58 7
	17.3334
	44.0322
	46.1061
	59.6424
	71.4218
	98.0503
	99.4288
59 11
	16.9337
	17.3689
	18.7286
	40.205
	58.2377
	58.4996
	65.0186
	84.2513
	88.358
	97.5636
	99.494
60 17
	4.92297
	12.0191
	14.3141
	40.651
	40.7994
	46.2806
	52.1382
	52.3788
	52.4092
	67.794
	86.7115
	91.3621
	91.4658
	91.9563
	98.9517
	99.2419
	99.7619
61 25
	11.0293
	13.3571
	25.851
	32.1632
	34.5293
	35.3164
	40.378
	44.0925
	47.8592
	48.0637
	48.0802
	48.3142
	48.3889
	48.4517
	49.1616
	54.7987
	76.1557
	80.1377
	92.1899
	92.278
	93.6961
	95.2168
	96.2221
	96.5462
	96.8254
62 8
	34.778
	40.8315
	46.2455
	46.3143
	51.1977
	55.1712
	55.5453
	60.8168
63 18
	7.5432
	11.5366
	25.6909
	26.2672
	26.4838
	26.63
	29.5097
	33.7611
	37.0264
	41.4734
	48.0945
	55.9916
	57.3249
	58.0583
	60.7243
	72.3358
	76.1911
	81.5493
64 24
	0.125171
	26.6009
	27.1464
	36.984
	40.8885
	47.8325
	55.7105
	60.65
	60.7689
	64.7894
	68.5265
	73.9343
	74.2997
	74.4003
	74.4306
	75.9066
	76.054
	76.867
	77.552
	77.6791
	83.4122
	91.4399
	93.1109
	96.7159
65 38
	14.4963
	28.7708
	29.3389
	30.1856
	31.0327
	31.6139
	34.3351
	34.8648
	35.4652
	35.5769
	35.7396
	37.0182
	57.2783
	57.7415
	65.9217
	69.278
	85.4618
	85.6414
	85.6743
	87.4287
	87.7973
	88.0254
	88.6841
	88.9188
	88.9335
	89.342
	89.3819
	89.6173
	89.7816
	92.6116
	93.1781
	93.196
	93.2168
	93.4437
	94.2374
	94.2462
	95.6888
	96.8368
66 23
	1.8303
	12.2663
	12.6751
	21.8492
	25.533
	26.3219
	27.004
	30.5802
	45.9379
	46.0996
	47.6867
	47.8491
	51.7705
	53.4125
	53.683
	54.6722
	57.9948
	59.7839
	79.2029
	79.5674
	80.1806
	93.1194
	94.7413
67 15
	7.83682
	8.442
	13.2247
	15.4689
	28.5552
	37.5936
	46.7783
	66.1788
	85.112
	86.1268
	87.0129
	87.6777
	90.2103
	95.7152
	95.9241
68 11
	22.4452
	27.8464
	52.0424
	52.0974
	52.2639
	68.8675
	85.5902
	86.0314
	86.4789
	91.9954
	94.352
69 15
	16.4477
	33.313
	35.5511
	39.0594
	44.8281
	66.2485
	68.1016
	68.639
	71.7649
	72.6629
	74.6558
	96.5683
	97.8801
	97.937
	98.6488
70 8
	0.188679
	8.71205
	18.0262
	24.0794
	33.1765
	56.1811
	62.1727
	75.6697
71 34
	0.465272
	0.535226
	0.635479
	2.03599
	15.8188
	16.6231
	21.7984
	23.4492
	25.5719
	27.8622
	27.8777
	28.5919
	30.6173
	30.629
	31.8736
	33.4546
	34.1256
	34.7833
	36.9508
	55.2721
	56.6576
	58.211
	59.0763
	61.4502
	63.3751
	63.8321
	63.8941
	64.1312
	64.1979
	66.1466
	72.8632
	89.9564
	89.9656
	90.7248
72 20
	26.8328
	28.9217
	37.9959
	38.9804
	54.2665
	59.9679
	65.0521
	66.0494
	68.5823
	70.7904
	71.0121
	71.5628
	72.4601
	72.5808
	77.0808
	77.1078
	92.1354
	92.2626
	92.6209
	99.3147
73 24
	2.31205
	4.56258
	6.13469
	6.2235
	19.889
	19.9801
	26.2438
	33.2683
	45.1876
	51.4457
	51.4731
	54.4882
	56.9261
	58.6394
	69.8554
	69.9192
	70.1008
	78.2115
	78.5984
	79.6151
	80.8675
	96.2449
	98.6697
	99.1917
74 25
	5.27845
	7.05746
	7.43041
	10.0021
	14.0691
	15.6138
	16.9269
	17.387
	19.4869
	20.8421
	26.4328
	31.1373
	57.1727
	57.9798
	59.3159
	70.0346
	70.1075
	74.0549
	74.1437
	76.1814
	83.6554
	83.6804
	84.2121
	97.9738
	99.6235
75 13
	5.17374
	14.4976
	21.0525
	35.1488
	69.584
	71.7327
	71.8492
	83.2076
	85.7153
	86.1133
	87.3993
	91.65
	95.6017
76 22
	26.6497
	47.7098
	47.7529
	50.1158
	50.4692
	51.2326
	51.4836
	53.8703
	53.8892
	54.1221
	54.1984
	54.955
	55.7776
	55.9948
	56.0112
	56.566
	56.5886
	67.4844
	74.2452
	77.4834
	90.2692
	95.8276
77 21
	3.17419
	6.31492
	6.80147
	24.9134
	29.1014
	30.0624
	30.4053
	31.3278
	36.814
	39.6915
	39.9931
	50.356
	51.5873
	53.5182
	57.8718
	59.4302
	59.9725
	60.9684
	61.2335
	62.652
	97.5036
78 12
	7.34283
	42.3172
	46.8797
	51.0763
	64.2139
	71.1844
	71.6574
	71.8491
	71.95
	71.9915
	78.7339
	97.9519
79 13
	4.12903
	11.5121
	21.1824
	23.5468
	31.5373
	31.9636
	37.6515
	37.7117
	38.6949
	46.116
	51.8521
	64.0205
	96.2352
80 29
	9.10027
	18.7429
	20.9961
	25.5403
	27.0156
	33.3738
	34.3623
	34.6704
	37.5699
	37.5809
	38.7206
	39.1602
	43.8072
	46.0815
	46.412
	46.5415
	47.8019
	47.9144
	47.9923
	48.4716
	60.4541
	63.3529
	71.1243
	91.6603
	91.7664
	93.338
	94.2577
	94.5023
	94.7158
81 19
	19.5756
	19.7648
	21.1346
	23.0075
	25.4568
	27.5125
	27.7652
	28.5453
	29.0302
	30.4852
	40.6922
	55.8299
	56.3504
	57.4256
	59.6538
	60.4865
	61.8766
	74.0027
	84.506
82 19
	42.178
	52.5077
	52.5727
	60.8171
	67.1183
	68.7424
	68.968
	71.2133
	73.7407
	74.3809
	81.3501
	81.7897
	82.9835
	83.1401
	91.3678
	94.4555
	97.1254
	97.9928
	98.0838
83 12
	5.74624
	8.6965
	12.554
	12.6388
	12.7459
	42.71
	57.4689
	61.4599
	83.8101
	87.5558
	91.0526
	93.8091
84 25
	7.46244
	12.9764
	14.1312
	16.7377
	20.3856
	20.5502
	25.9095
	37.4329
	38.0877
	38.092
	39.6282
	46.8865
	54.8932
	55.8358
	60.5234
	60.7354
	60.9592
	61.0415
	61.6721
	72.0579
	72.6962
	75.3445
	78.0864
	86.0721
	99.4064
85 16
	17.1339
	35.2595
	35.4307
	40.4839
	43.2614
	44.9367
	48.7516
	57.4869
	64.0872
	71.5392
	71.5796
	75.0908
	75.6612
	76.2118
	76.3617
	77.1886
86 26
	2.40224
	11.9262
	12.217
	13.5371
	19.4994
	26.4158
	31.2653
	31.8764
	33.7356
	33.8427
	33.9246
	34.2166
	38.6855
	38.8432
	39.3333
	40.657
	42.535
	45.9638
	46.4319
	50.8551
	63.6058
	65.2867
	66.299
	74.5619
	75.0856
	77.5767
87 34
	1.20756
	5.8631
	6.19223
	24.682
	28.4904
	28.5272
	29.0775
	38.4253
	44.8715
	44.8846
	45.5196
	45.6372
	50.0956
	62.7774
	63.7304
	64.0702
	64.9544
	65.1022
	65.5116
	66.1471
	69.4968
	70.4214
	71.051
	71.5689
	71.7433
	72.4579
	72.4741
	72.5901
	82.8237
	96.8615
	97.764
	97.9823
	98.6093
	98.8075
88 25
	1.94687
	2.62156
	4.64993
	5.08541
	5.44263
	16.9051
	17.1844
	17.9189
	26.0838
	26.6238
	27.3529
	27.5792
	27.73
	28.0849
	28.711
	28.9818
	29.6659
	30.0729
	31.3624
	40.4883
	53.4261
	59.9902
	61.8948
	93.3146
	97.9863
89 23
	6.19569
	7.80953
	41.3545
	44.7394
	44.9953
	45.4424
	45.9974
	46.0434
	46.2715
	49.3471
	50.3588
	55.1797
	55.3746
	56.0506
	57.6365
	63.0699
	64.7397
	83.1221
	83.4828
	85.0291
	85.3587
	87.999
	98.5032
90 16
	1.08438
	44.954
	46.7124
	46.9967
	78.7756
	78.8033
	80.4109
	83.198
	86.942
	87.026
	87.3983
	88.5425
	89.6411
	90.6698
	90.9099
	94.0248
91 32
	13.4322
	18.214
	18.5947
	25.99
	26.7158
	33.864
	36.56
	38.0169
	43.7429
	46.1863
	47.4951
	54.6343
	57.4214
	59.3151
	59.5163
	59.6434
	60.1845
	60.9019
	61.6703
	74.2529
	74.2544
	77.2173
	77.7707
	79.6522
	84.0288
	94.5861
	96.8975
	97.1322
	98.242
	98.3995
	98.6566
	99.6731
92 16
	10.9273
	18.339
	21.4697
	22.0124
	31.2041
	41.625
	45.7767
	58.457
	62.5297
	63.2585
	71.7209
	83.6863
	83.7697
	84.0578
	84.3799
	96.4628
93 22
	5.58465
	14.235
	17.2062
	19.2765
	20.4888
	28.959
	29.0781
	29.5508
	56.518
	57.4977
	57.9079
	58.3542
	58.5092
	60.8054
	70.2564
	71.2466
	75.0888
	86.1662
	87.5193
	88.2297
	88.4026
	99.2875
94 23
	3.39013
	4.11992
	4.758
	5.89074
	6.0775
	17.3064
	17.579
	18.8921
	21.9923
	30.4488
	30.5739
	31.0251
	31.4702
	33.8524
	44.5481
	62.6892
	62.8724
	67.8269
	68.1389
	71.772
	77.6163
	82.2699
	93.8702
95 12
	17.6903
	18.661
	23.2008
	24.0024
	24.5123
	25.3839
	26.6227
	26.8171
	50.5819
	76.2048
	93.8784
	95.2912
96 16
	2.65002
	17.5128
	46.1764
	55.5705
	59.1455
	67.5922
	67.6584
	67.8088
	68.0922
	70.011
	70.1566
	77.9862
	79.6469
	87.358
	98.4445
	98.518
97 12
	35.1759
	50.6315
	55.4446
	56.8104
	69.2828
	69.322
	74.8503
	81.0337
	89.412
	89.5972
	96.4678
	96.7017
98 9
	30.6738
	64.1307
	65.7253
	73.8825
	75.6068
	84.5069
	85.3725
	85.6828
	90.9771
99 27
	0.78778
	6.80047
	7.97222
	8.59104
	10.6855
	12.1316
	20.2589
	24.5904
	24.8568
	30.187
	45.9281
	58.1128
	76.2361
	76.5074
	76.9729
	78.8203
	86.3781
	86.5981
	90.2953
	94.3712
	94.7471
	96.2821
	97.4629
	97.927
	98.1609
	98.7005
	99.0714
100 25
	3.88042
	7.11216
	20.485
	21.1668
	24.0428
	25.8895
	27.0831
	28.158
	28.4141
	42.671
	44.5151
	46.4134
	50.0839
	53.7823
	55.2899
	57.5844
	63.8919
	64.7615
	74.5732
	76.7202
	82.571
	82.7235
	94.2472
	94.6222
	95.031
101 24
	5.90404
	6.06009
	6.11186
	12.163
	12.6853
	12.7567
	17.35
	34.3848
	42.0287
	43.8692
	43.8827
	43.9188
	45.3029
	47.9875
	61.8839
	62.0388
	62.3504
	65.1923
	74.7982
	83.9473
	90.29
	94.9702
	95.6358
	98.7699
102 28
	0.152389
	8.35685
	12.3019
	14.936
	15.4681
	15.4917
	19.9112
	20.7338
	26.2564
	45.6498
	46.564
	46.7195
	48.9743
	52.1159
	60.5856
	62.5337
	62.5942
	62.6293
	64.6079
	68.3427
	72.8857
	77.5555
	77.5775
	78.4585
	79.879
	82.3259
	82.5157
	88.0645
103 16
	7.82291
	8.4127
	12.1416
	12.3125
	18.2643
	20.6153
	27.2517
	28.74
	29.7895
	30.3062
	43.7008
	43.7497
	45.3791
	61.1102
	64.7667
	90.3373
104 24
	6.72871
	8.58776
	24.9833
	25.401
	25.6966
	27.0139
	28.3047
	31.5385
	31.8376
	36.2908
	36.569
	39.1366
	41.7472
	52.6557
	52.7115
	57.0051
	64.7362
	64.9826
	64.996
	68.3146
	70.2508
	71.4919
	72.6028
	83.7873
105 37
	15.7948
	23.2857
	25.9234
	33.7095
	38.1101
	46.491
	50.592
	57.1679
	58.7739
	62.8396
	62.9003
	63.1607
	63.2295
	64.438
	64.4869
	64.8794
	65.1262
	66.4775
	66.5984
	68.5242
	74.1874
	74.9755
	91.7549
	92.0586
	92.1804
	92.501
	94.71
	94.8683
	96.9214
	97.4841
	97.8246
	97.8888
	98.2689
	98.2694
	98.4201
	99.0006
	99.5335
106 17
	3.07554
	3.61335
	7.58369
	14.1824
	15.4358
	15.7377
	15.8022
	16.5169
	16.8061
	21.273
	39.6342
	58.9644
	74.0771
	74.3222
	94.8688
	98.2209
	98.9016
107 31
	1.56677
	3.62921
	3.67662
	3.82252
	4.32286
	4.75505
	4.76596
	4.76602
	5.03626
	5.2565
	5.69261
	5.83023
	8.46431
	8.73403
	18.3281
	18.4946
	18.5322
	29.8536
	30.7931
	33.1384
	33.2759
	37.1408
	37.1829
	37.3102
	45.0725
	45.2087
	51.5671
	52.2819
	69.0485
	70.3636
	73.2078
108 20
	14.5613
	15.7862
	26.8973
	27.1199
	27.1906
	27.6441
	30.8196
	43.1172
	43.3493
	43.4225
	49.6593
	49.7389
	63.4161
	64.0255
	69.2538
	79.8744
	84.0136
	84.7173
	87.8097
	97.5483
109 19
	18.587
	19.4183
	19.5186
	22.0175
	22.2757
	56.9514
	60.6698
	60.7913
	71.8335
	72.098
	74.731
	75.7004
	75.985
	77.0799
	77.2119
	77.3218
	82.227
	82.2533
	84.447
110 27
	4.10042
	6.80151
	8.2503
	24.2065
	28.4381
	31.5431
	39.1324
	45.3154
	47.1643
	54.862
	56.8426
	57.3754
	68.4115
	69.7717
	77.6801
	78.8799
	81.5224
	81.6509
	82.9124
	83.1329
	83.1381
	93.5758
	93.8569
	93.8798
	93.9763
	94.3704
	95.4777
111 9
	6.9763
	19.4731
	20.5834
	26.4805
	72.2451
	72.3151
	83.7099
	89.2345
	90.7479
112 20
	0.286411
	0.802314
	0.835484
	2.79288
	3.78692
	4.2436
	6.86829
	7.05129
	7.33988
	21.6815
	28.0014
	28.3341
	45.8981
	47.5987
	53.6831
	65.8226
	66.1786
	73.0559
	73.6735
	78.5055
113 27
	1.66817
	15.4534
	16.4107
	16.4757
	16.7057
	17.1385
	20.4893
	23.1598
	26.9862
	31.8521
	34.8964
	35.8425
	35.8585
	36.8742
	45.6251
	47.4944
	49.5399
	49.7896
	56.5145
	57.0787
	57.8819
	71.5547
	76.8058
	76.882
	77.8411
	78.3794
	78.6968
114 22
	15.2322
	15.3664
	15.8752
	16.3592
	23.1598
	25.6292
	25.9253
	26.7863
	29.6014
	32.7556
	33.3671
	34.0197
	50.6108
	51.7419
	52.1082
	54.4465
	55.4101
	56.0035
	56.2152
	58.5499
	79.0218
	98.9755
115 19
	4.88268
	9.75333
	10.3878
	11.4828
	13.7522
	14.62
	27.2977
	29.3271
	29.6215
	30.1375
	31.4365
	36.3927
	37.9592
	45.3075
	47.8491
	76.8234
	85.6581
	87.6334
	94.4632
116 32
	12.4367
	12.9475
	14.8915
	15.3041
	20.6246
	28.3659
	38.7825
	39.0158
	39.1402
	39.1705
	39.5287
	40.1877
	40.564
	40.8134
	42.3416
	42.6478
	43.262
	43.4454
	43.9055
	44.2959
	44.8002
	46.1965
	46.8203
	46.8634
	47.2243
	49.0276
	70.5157
	81.5622
	81.7201
	89.5675
	92.1156
	94.7569
117 16
	3.826
	3.92029
	4.11281
	5.0121
	5.09171
	5.27416
	5.55528
	7.82499
	42.556
	42.7922
	44.945
	55.632
	58.6356
	59.8366
	60.7747
	85.6123
118 23
	0.520691
	6.42939
	7.92797
	11.1223
	11.6279
	13.2432
	13.7579
	16.9806
	18.4367
	20.7827
	30.1805
	32.3735
	32.3846
	44.5525
	45.4476
	52.1125
	53.0644
	53.679
	53.9191
	55.0867
	90.4542
	91.92
	99.7059
119 30
	1.19445
	2.03168
	3.14851
	3.1844
	6.18829
	6.46697
	14.7003
	14.9301
	15.647
	17.426
	19.9239
	22.713
	47.0823
	49.3275
	49.3348
	49.5147
	50.812
	51.7454
	56.957
	57.4167
	58.7078
	59.2293
	62.714
	64.1091
	88.4306
	89.4029
	89.7079
	90.7369
	91.6632
	92.829
120 14
	0.574227
	22.3697
	30.7512
	32.5149
	33.3931
	53.4594
	60.4809
	64.1902
	76.5406
	76.6454
	84.4391
	88.6555
	97.8164
	99.3239
121 20
	1.19387
	2.3265
	13.1017
	14.8471
	16.58
	26.6012
	36.1649
	57.1819
	70.9351
	71.8841
	79.9999
	80.0773
	80.5957
	81.3978
	82.0366
	83.8128
	88.4002
	89.8895
	91.7847
	94.384
122 33
	19.9354
	24.6897
	24.8053
	45.1317
	54.5095
	54.6648
	56.3691
	59.6169
	60.2145
	64.6397
	64.6636
	64.7627
	65.6891
	65.7417
	66.4116
	67.0411
	67.0583
	67.5761
	70.5358
	72.1897
	74.1313
	75.1162
	90.2384
	90.693
	91.0253
	91.09
	91.1834
	91.3836
	91.5653
	92.0182
	92.2299
	93.1139
	97.1647
123 21
	8.67401
	9.38147
	14.4809
	15.1993
	34.7297
	54.2071
	68.9107
	69.2539
	70.6761
	72.1786
	72.3111
	73.2519
	73.8582
	86.4795
	90.237
	90.4305
	90.5552
	90.9323
	92.3786
	92.6085
	92.6148
124 48
	12.062
	13.8369
	15.0221
	17.1122
	19.9876
	21.8695
	23.4089
	24.259
	24.47
	24.6376
	32.3897
	32.5484
	41.3272
	42.8298
	44.1212
	44.3597
	60.8444
	61.212
	61.2544
	63.3809
	64.5674
	72.8541
	73.2348
	73.552
	73.7085
	77.1618
	82.1135
	89.0098
	89.2654
	89.8094
	90.3772
	91.1487
	91.5735
	91.6127
	91.9484
	92.128
	92.8722
	93.0022
	93.1625
	93.2855
	94.0282
	95.3529
	95.5004
	95.7498
	97.7692
	99.0048
	99.0317
	99.6271
125 27
	16.4225
	17.7092
	17.9699
	25.7429
	26.5349
	26.9807
	36.6602
	37.2856
	39.1646
	48.4444
	49.0858
	50.747
	51.1087
	58.0171
	61.1195
	61.2324
	65.1463
	66.0205
	74.1027
	84.7807
	85.4475
	85.8859
	85.9538
	92.7196
	93.0244
	93.9876
	95.6464
126 10
	30.4496
	31.9233
	33.5951
	33.7394
	50.426
	57.9461
	59.5639
	62.7455
	67.5259
	82.8603
127 21
	1.43424
	3.88065
	8.55765
	9.98214
	19.8384
	20.0711
	21.1623
	22.2622
	23.1054
	23.9218
	34.9216
	35.9414
	36.5398
	36.7652
	38.0739
	39.318
	45.4981
	46.4735
	66.6922
	94.6374
	98.2096
128 28
	20.9883
	21.2255
	27.7327
	28.6092
	28.767
	28.921
	31.0956
	32.6427
	33.7665
	34.7277
	35.8476
	36.8587
	37.7193
	38.731
	39.2755
	40.8612
	62.0644
	62.7507
	64.4598
	66.9993
	67.8913
	68.8564
	69.0022
	80.9949
	81.1205
	81.2618
	86.5698
	87.4931
129 12
	13.4851
	21.9083
	25.6645
	49.9975
	55.5547
	60.8633
	72.1427
	72.5558
	73.3024
	73.4864
	77.0138
	85.7658
130 23
	7.35543
	14.0037
	31.2174
	32.6078
	34.8055
	35.1031
	71.1088
	71.2447
	71.4185
	71.4433
	71.6195
	71.6305
	73.2718
	75.2209
	84.4106
	88.2865
	89.8977
	94.9245
	95.1932
	95.4093
	97.1338
	97.1371
	97.5729
131 17
	14.627
	15.0134
	15.9272
	18.0259
	18.1833
	18.7246
	36.1009
	44.6177
	45.2301
	51.6764
	74.4208
	74.5287
	81.9814
	84.906
	88.3934
	89.0516
	95.8629
132 22
	6.12206
	7.05631
	15.5024
	16.7702
	16.9
	16.9279
	17.3196
	21.8003
	35.7605
	36.4164
	36.4879
	43.7324
	47.611
	54.3705
	59.384
	62.5473
	65.2862
	72.6666
	78.0195
	79.2067
	84.6162
	94.6877
133 18
	0.0111556
	10.2615
	13.5063
	26.5621
	28.2048
	28.45
	28.7305
	35.991
	38.3492
	38.956
	39.256
	41.1303
	41.3987
	41.9875
	59.5581
	64.2706
	94.7086
	98.9665
134 19
	26.1729
	26.4579
	36.9312
	47.1388
	47.3496
	54.5469
	57.2668
	58.1036
	61.8844
	62.7269
	65.3197
	65.3298
	66.1167
	67.474
	68.9138
	74.2372
	95.0601
	96.6215
	98.9595
135 29
	1.01303
	1.84969
	2.63369
	3.81161
	9.51161
	11.4019
	12.0296
	12.9742
	15.8148
	15.8769
	16.855
	17.6596
	21.4555
	22.4304
	35.6864
	35.7279
	36.3703
	49.3389
	64.441
	65.1569
	65.8559
	68.2783
	69.5119
	69.7916
	70.8142
	72.3335
	87.8204
	88.4645
	91.989
136 23
	2.88065
	16.4101
	16.8366
	17.5296
	21.5528
	21.6829
	32.5248
	36.2857
	36.5083
	38.2254
	38.6368
	39.3114
	40.7418
	41.0805
	41.4292
	57.4621
	61.1661
	61.7066
	71.2454
	72.6427
	80.0913
	90.3248
	95.8411
137 26
	1.60814
	6.95878
	18.4686
	22.0939
	29.4049
	30.2381
	30.7225
	32.3395
	40.3529
	45.5378
	45.961
	53.58
	55.6855
	57.1875
	63.5701
	70.3942
	71.8051
	79.7837
	80.4342
	86.7714
	87.4905
	90.9394
	94.5476
	95.491
	96.7396
	99.151
138 18
	26.1827
	26.9555
	28.6966
	35.5465
	39.4866
	51.6392
	51.8616
	57.9726
	61.0845
	61.1091
	73.7304
	75.9423
	82.7383
	93.6576
	96.1931
	96.2782
	97.5907
	97.6119
139 36
	26.9247
	37.8045
	38.5683
	41.3376
	46.5806
	47.3248
	47.8131
	48.4834
	56.2538
	57.4311
	59.8477
	59.8887
	60.0039
	60.2555
	61.1282
	61.1656
	61.1954
	61.3812
	61.4488
	62.9279
	63.6798
	63.7408
	64.05
	64.3479
	64.894
	65.9234
	66.541
	66.8289
	67.3997
	67.5862
	70.1461
	74.88
	91.1606
	91.6395
	92.2957
	92.4294
140 22
	2.12775
	31.0803
	31.3985
	51.0534
	53.4136
	53.447
	53.7333
	53.8551
	55.5743
	56.2387
	56.6822
	57.7757
	67.2201
	77.6455
	78.7929
	79.8788
	80.2058
	80.333
	82.1318
	82.9268
	84.035
	96.8411
141 15
	1.81028
	6.68093
	7.12251
	24.3088
	50.5077
	52.9452
	52.9814
	55.013
	56.1775
	56.6741
	59.2344
	62.8745
	69.8068
	69.9846
	91.7936
142 41
	4.52431
	6.52628
	17.2525
	18.3957
	18.5371
	20.9674
	31.3061
	33.9006
	33.9308
	33.952
	34.1548
	34.1739
	35.4472
	35.463
	37.9322
	38.5231
	39.5345
	39.6436
	39.9084
	41.5074
	41.9263
	52.5705
	57.7152
	57.7326
	57.8035
	58.1365
	58.7391
	59.099
	73.6277
	78.5831
	82.0109
	82.2401
	82.3335
	83.2663
	87.7024
	91.1392
	93.4742
	95.9519
	96.0726
	97.6423
	99.8125
143 22
	6.23932
	20.8347
	24.085
	24.8067
	25.7043
	25.9263
	25.9941
	26.6234
	37.4521
	44.5127
	45.0049
	45.3244
	67.9766
	71.4451
	80.4813
	81.3235
	86.4711
	87.3164
	87.5796
	87.6685
	87.7274
	94.924
144 22
	21.0643
	25.6738
	26.2366
	31.5773
	31.6664
	40.1382
	40.4817
	42.7568
	43.0037
	43.6049
	44.3357
	46.8079
	52.5107
	55.2111
	56.8478
	57.1413
	61.8434
	63.9489
	70.7972
	81.8356
	86.8075
	99.6939
145 34
	5.37504
	14.9981
	19.4943
	20.318
	21.3359
	24.1813
	24.4921
	35.0328
	37.1573
	39.929
	43.4296
	46.4354
	48.3211
	49.1165
	49.9252
	52.0988
	53.3968
	63.5149
	66.9641
	69.1155
	69.3427
	69.5825
	69.6049
	70.7165
	72.1368
	72.6981
	75.9374
	76.407
	77.2662
	77.3142
	77.5674
	83.7054
	85.5516
	96.7882
146 15
	9.59455
	21.4829
	35.0022
	36.0897
	37.3236
	42.0898
	48.2368
	49.0842
	49.4949
	50.1359
	65.8664
	78.9434
	81.3137
	93.0242
	98.2119
147 21
	0.261384
	0.982553
	2.80378
	7.82207
	9.04346
	9.64567
	9.75038
	20.7377
	23.2518
	24.0729
	31.2058
	31.5415
	31.7189
	32.5463
	32.5867
	33.1321
	38.4029
	40.803
	65.3176
	67.3238
	87.6475
148 16
	26.256
	26.8394
	36.1924
	40.7703
	44.0059
	44.4481
	48.0929
	48.4074
	65.6719
	69.6982
	71.5372
	73.4352
	73.5268
	82.4275
	82.8933
	87.9774
149 37
	4.79796
	21.4314
	34.149
	34.1978
	37.9056
	39.9163
	41.3274
	42.9576
	43.907
	46.4924
	47.7663
	52.2589
	57.9515
	58.835
	62.8453
	62.982
	64.073
	64.2149
	64.4596
	64.8053
	66.6184
	66.699
	67.3303
	67.8713
	73.5954
	75.3565
	78.7915
	83.1895
	84.4475
	84.7627
	86.4344
	89.0968
	90.8229
	90.9426
	91.8816
	92.5947
	98.4144
150 16
	21.5284
	21.7579
	39.7119
	49.3429
	63.5791
	66.6346
	69.2299
	69.3815
	72.8604
	73.2515
	75.1293
	79.0958
	93.5739
	95.1751
	97.5997
	99.7044
151 17
	4.40929
	29.6026
	30.1302
	34.6651
	38.6832
	39.3778
	39.393
	40.1209
	45.9171
	45.9769
	46.5485
	60.7914
	66.9458
	84.2576
	84.374
	94.7278
	96.6017
152 33
	7.52215
	10.4193
	11.6193
	23.2305
	24.0758
	24.0818
	24.4344
	25.6091
	26.369
	27.9662
	29.5846
	35.7827
	36.8851
	37.3934
	39.3108
	39.6875
	40.975
	50.2432
	50.5251
	50.6822
	50.7986
	50.9808
	51.7981
	51.9189
	52.2913
	52.523
	52.6434
	58.0467
	66.0938
	66.4744
	69.6075
	70.401
	73.655
153 31
	0.122576
	1.01225
	1.26873
	1.71485
	4.74839
	5.40412
	5.77386
	6.17706
	9.44802
	13.8546
	42.4798
	42.5901
	43.0369
	43.1613
	43.5457
	51.1888
	54.6872
	59.0227
	60.0329
	64.1939
	64.4637
	72.744
	76.2723
	76.8877
	82.8113
	85.2275
	86.0071
	86.6622
	90.6354
	91.0167
	97.503
154 10
	14.9618
	36.4722
	63.9371
	79.1675
	79.7069
	86.8898
	88.7045
	91.252
	92.2679
	93.6748
155 21
	14.5527
	16.0661
	17.9028
	24.1416
	24.5862
	45.2355
	45.9204
	48.743
	48.9303
	50.5879
	56.3428
	60.7776
	64.3989
	66.4889
	69.3376
	70.7589
	76.513
	82.9329
	86.8823
	88.525
	93.2254
156 33
	0.75039
	19.3884
	32.8273
	36.1645
	36.5287
	37.8545
	41.9159
	43.0198
	46.8103
	48.0115
	48.3674
	49.0985
	53.2837
	55.626
	55.745
	55.7816
	57.57
	58.0583
	67.1003
	68.0882
	68.4331
	70.0082
	70.1444
	70.7676
	86.892
	87.9167
	87.9461
	88.5375
	90.5489
	97.2723
	97.9639
	98.3976
	99.6841
157 12
	1.71497
	6.15871
	61.8205
	72.8064
	84.8088
	85.4426
	87.2196
	87.388
	87.8264
	87.918
	88.2129
	91.4685
158 28
	6.06713
	6.29219
	6.35144
	6.45718
	6.54207
	6.64985
	11.3256
	11.6332
	20.2127
	23.3437
	32.0287
	33.7425
	34.3677
	47.4952
	57.7414
	58.9159
	59.5154
	73.0129
	73.0387
	73.1496
	73.7535
	75.7017
	76.0863
	77.2897
	79.5181
	85.7412
	90.7688
	92.3263
159 26
	3.76551
	29.0992
	30.3111
	31.2772
	35.8981
	37.6347
	41.2716
	51.7299
	52.1553
	52.5666
	52.6491
	52.8785
	53.2247
	53.4461
	53.9327
	54.1685
	54.2684
	54.2975
	54.7078
	55.0123
	63.2301
	73.7336
	77.9118
	86.352
	86.5938
	99.9046
160 23
	7.8587
	16.3531
	25.4429
	28.5937
	29.7397
	32.9938
	35.7358
	38.2825
	64.3236
	64.716
	64.8732
	66.2112
	68.6301
	78.1371
	78.317
	78.8967
	79.7701
	79.8436
	81.9452
	86.9668
	87.0143
	89.9327
	94.1193
161 15
	3.8014
	9.6821
	13.3478
	22.6795
	24.9827
	25.2087
	42.4566
	49.5824
	55.7856
	55.8547
	56.244
	68.7182
	68.8098
	75.7824
	80.2915
162 14
	7.11789
	12.7213
	12.8292
	13.3669
	34.5548
	72.6606
	73.1389
	74.869
	79.0832
	81.5683
	83.9495
	84.9903
	86.8212
	96.8366
163 10
	7.29094
	7.53535
	13.8305
	23.5746
	23.6381
	62.8004
	63.7659
	65.0411
	77.0019
	80.9189
164 8
	6.20112
	39.5417
	43.3454
	43.5238
	43.6138
	71.1114
	78.531
	86.0567
165 20
	1.22981
	1.27617
	5.27809
	5.70201
	5.97367
	6.12125
	6.70246
	22.3502
	22.7248
	25.7427
	28.9345
	39.2258
	43.8092
	45.4307
	59.2176
	64.3639
	64.7443
	64.9562
	68.8753
	99.775
166 45
	13.9089
	14.199
	20.3466
	42.2913
	45.0176
	45.7707
	50.0697
	51.0076
	51.7652
	52.6366
	54.5176
	55.9363
	58.2107
	58.427
	59.5885
	61.4737
	61.8076
	62.0831
	62.4127
	62.5888
	64.8502
	69.6098
	70.598
	71.9117
	72.5116
	80.393
	80.8724
	80.8789
	81.4645
	82.6348
	83.1899
	83.4483
	83.4766
	84.3794
	84.5212
	86.3192
	86.407
	86.4688
	87.0423
	87.0736
	87.5259
	88.6117
	93.0844
	93.3549
	95.463
167 29
	1.86286
	3.10521
	6.31104
	6.91726
	7.85033
	17.4861
	17.4914
	17.9271
	18.2333
	18.8641
	24.1938
	37.5821
	38.6045
	40.0024
	49.6918
	50.1723
	50.2893
	63.7708
	65.4769
	67.1409
	70.4682
	75.1764
	78.8693
	79.2778
	79.2941
	84.4159
	85.6868
	93.1575
	95.8222
168 25
	5.81026
	6.35649
	6.63651
	10.045
	10.2634
	17.0352
	17.1101
	26.7959
	27.877
	28.5486
	31.5838
	32.6902
	32.9407
	49.0732
	50.6344
	56.7849
	74.336
	74.6689
	75.0468
	76.1429
	76.2984
	77.579
	95.7767
	96.2316
	96.8272
169 19
	6.85414
	9.026
	10.1635
	20.1787
	23.7833
	35.6852
	42.6573
	43.4934
	43.6188
	43.8522
	46.719
	48.2373
	52.8529
	53.0601
	53.6275
	96.1963
	96.2429
	98.922
	99.8819
170 6
	3.62711
	12.5741
	24.1317
	57.8599
	62.2809
	70.2907
171 20
	2.20098
	8.4431
	19.5974
	30.5867
	31.755
	40.9828
	50.5022
	52.9355
	58.0625
	59.8386
	69.2649
	69.6498
	69.7523
	69.9846
	70.1456
	71.4155
	71.7869
	73.3695
	75.0873
	79.6411
172 16
	23.1658
	23.845
	29.6269
	34.4193
	42.3141
	42.8649
	64.6468
	79.4562
	82.367
	97.889
	98.3666
	99.1129
	99.1256
	99.4967
	99.5722
	99.7888
173 28
	9.85545
	11.0022
	11.5451
	11.7121
	11.7652
	12.0942
	13.0509
	13.9256
	20.372
	23.8443
	24.8122
	25.0946
	35.7183
	40.7703
	43.9025
	46.2649
	47.678
	48.2343
	49.8451
	49.9771
	52.0497
	63.6858
	63.7253
	64.4666
	65.6961
	87.5726
	93.3439
	93.4584
174 9
	21.2942
	33.181
	34.3877
	37.5131
	52.0041
	52.9367
	53.4136
	53.4301
	74.0392
175 15
	9.75658
	10.8721
	12.7186
	17.9416
	38.2996
	48.0689
	53.1617
	63.0311
	64.1045
	65.5599
	68.7865
	70.7066
	71.3393
	94.6967
	94.834
176 13
	26.7337
	26.9102
	58.7425
	66.1243
	67.0899
	67.2272
	84.5544
	85.8193
	85.8858
	89.3409
	90.051
	91.1218
	97.5536
177 19
	9.38889
	12.1503
	12.5309
	13.7007
	17.2819
	21.2651
	38.7949
	53.6603
	56.2703
	57.3513
	58.4586
	64.1956
	70.9659
	71.456
	71.5586
	92.6161
	92.7333
	93.3738
	94.6525
178 34
	5.49562
	8.78101
	10.1957
	12.4225
	14.0712
	15.3438
	16.1365
	18.5349
	22.9415
	26.522
	26.7488
	29.4268
	30.3727
	30.8108
	31.2523
	31.6582
	32.2902
	32.3179
	36.1282
	36.151
	36.2241
	37.0226
	37.235
	38.6743
	39.364
	42.832
	65.7447
	65.7564
	65.9762
	67.6994
	70.224
	71.0887
	91.3203
	91.6254
179 26
	3.40218
	3.4936
	6.53275
	10.872
	14.2866
	25.3969
	27.6207
	32.4874
	32.5615
	33.0286
	38.3318
	38.4996
	43.2172
	47.4634
	47.534
	48.0424
	63.8972
	67.7767
	72.4315
	81.0507
	81.6003
	82.5185
	83.7784
	84.2481
	84.919
	86.1405
180 12
	44.6943
	44.9403
	49.1674
	52.2997
	52.4398
	61.3207
	63.4058
	63.76
	64.0497
	86.7155
	87.4358
	92.9822
181 26
	5.71453
	12.6197
	24.783
	35.5712
	35.8043
	36.2751
	37.5496
	38.3189
	40.2765
	44.8779
	45.0295
	45.9146
	55.0252
	74.4638
	75.2408
	75.327
	75.3391
	81.6898
	82.0836
	84.8306
	84.938
	85.0532
	85.2853
	87.3436
	88.3736
	90.4134
182 10
	15.2945
	22.0623
	22.404
	22.737
	23.8535
	24.2955
	24.5951
	55.8568
	58.2639
	64.1988
183 26
	2.50436
	2.99654
	10.7654
	14.331
	15.2961
	16.6775
	17.4529
	25.5253
	33.5913
	46.2592
	47.7886
	47.976
	48.0137
	50.0119
	59.8744
	61.1194
	61.2395
	66.9638
	68.7759
	68.9856
	69.1303
	70.6951
	83.0951
	89.5092
	95.2112
	95.9799
184 19
	0.880288
	1.43431
	6.56473
	12.5007
	15.4895
	31.8596
	37.3902
	44.7691
	48.0199
	48.6442
	60.3428
	80.6987
	84.3289
	84.5848
	85.5768
	87.509
	88.9515
	96.1101
	96.4815
185 11
	26.0041
	34.4947
	36.7738
	40.4768
	72.3983
	72.4393
	73.426
	86.8434
	87.9672
	88.3001
	88.9344
186 19
	12.7196
	13.3453
	13.9121
	14.6297
	15.0671
	15.8656
	16.9862
	31.5576
	33.7774
	55.4163
	55.4953
	56.6524
	61.302
	61.6024
	61.7761
	63.0277
	63.0501
	84.0672
	92.4079
187 12
	0.472037
	2.66957
	35.2757
	50.7551
	71.4777
	71.9582
	72.3901
	72.5655
	75.5078
	80.2093
	80.4516
	97.2149
188 38
	2.58447
	4.27048
	8.14093
	8.85683
	9.07142
	10.5231
	12.9429
	13.1651
	14.6302
	16.7322
	18.3327
	18.8475
	19.7364
	20.7176
	30.5015
	33.0291
	38.2399
	44.6631
	45.6211
	51.1848
	51.4219
	52.2225
	52.8391
	54.3647
	55.1522
	57.0546
	60.2485
	63.7154
	63.7508
	64.4367
	65.5682
	69.5169
	69.6261
	70.2948
	70.604
	71.1945
	74.2425
	92.2552
189 26
	0.707134
	10.4167
	17.7611
	18.1894
	18.3615
	24.8962
	39.6099
	42.803
	43.4157
	45.3961
	46.4915
	46.6097
	47.4777
	51.7164
	53.2833
	55.9206
	63.9899
	66.0789
	74.378
	74.4266
	75.5334
	77.3346
	81.292
	92.158
	92.4367
	94.173
190 21
	5.63326
	13.1621
	18.3395
	37.4031
	38.3622
	39.4466
	40.9445
	45.0907
	53.151
	62.7703
	64.4394
	65.1031
	66.4602
	69.6941
	69.7234
	85.535
	86.2674
	92.4062
	96.1647
	98.1711
	98.491
191 25
	5.90597
	6.14309
	6.27543
	24.7017
	40.6542
	40.7872
	41.6439
	47.4448
	48.7817
	48.9014
	49.463
	50.7732
	61.0873
	61.5756
	61.9739
	62.3698
	76.6829
	77.0333
	80.3815
	82.4108
	87.1495
	88.7114
	88.7267
	89.756
	91.1287
192 14
	13.1839
	13.7895
	14.7918
	21.8743
	30.3733
	31.7859
	60.2571
	60.7298
	73.6353
	92.5092
	93.8693
	93.8967
	94.542
	94.7957
193 9
	5.26751
	10.9698
	22.055
	26.4352
	30.6639
	32.7619
	34.5483
	38.6838
	92.7214
194 21
	0.630615
	1.29099
	3.02357
	9.32676
	10.2649
	12.057
	12.104
	19.9304
	26.2015
	35.1868
	38.5724
	42.1747
	44.2121
	53.0253
	53.1489
	63.6763
	68.9278
	73.9101
	74.193
	75.849
	96.5792
195 14
	2.27326
	20.1515
	27.0372
	51.1718
	51.5932
	66.175
	70.8542
	72.9136
	73.9
	78.6052
	81.6054
	81.6615
	96.3889
	96.6362
196 20
	2.12805
	2.81634
	12.2096
	23.9786
	28.6423
	28.6666
	34.3165
	34.7915
	45.5222
	51.3502
	51.5043
	64.3104
	64.3384
	64.3976
	66.3816
	68.3646
	75.8785
	79.3462
	81.9518
	97.8436
197 28
	12.8442
	18.5188
	32.7087
	33.4616
	33.6633
	36.2605
	38.2208
	40.9698
	50.9363
	51.61
	54.93
	66.4501
	68.9554
	69.6386
	70.0524
	71.5132
	73.6198
	77.5738
	77.7384
	81.1837
	81.9402
	82.4145
	91.9958
	93.3708
	96.0806
	96.4575
	96.6888
	99.8149
198 14
	8.70982
	15.5992
	23.7066
	25.3932
	37.6765
	43.2717
	44.0686
	50.43
	62.2987
	73.821
	74.4813
	75.3299
	79.0736
	80.9437
199 12
	11.1555
	33.4271
	50.6397
	50.7022
	56.5106
	56.5937
	65.2149
	65.4622
	76.9863
	78.9726
	96.1307
	97.1526
200 26
	8.69674
	9.97722
	13.5371
	14.5248
	15.0761
	15.4691
	15.6371
	19.2814
	31.7827
	33.0641
	33.1132
	33.5033
	35.5181
	35.7584
	38.7118
	40.4163
	64.9054
	65.5514
	65.9662
	70.6542
	81.6477
	89.4001
	94.6863
	96.8918
	98.1151
	98.5353
201 57
	4.61973
	4.71387
	4.90606
	6.5951
	6.71447
	7.06675
	7.31348
	7.36261
	7.64916
	8.26953
	8.65983
	9.41942
	10.7326
	16.5536
	16.7482
	20.2751
	20.289
	20.2896
	20.2966
	21.0293
	24.3733
	24.5827
	24.7098
	29.0374
	37.41
	37.4982
	42.8734
	43.0796
	44.1597
	48.9901
	53.9561
	54.0129
	54.1659
	56.9469
	57.0991
	57.1496
	57.1642
	57.309
	57.6075
	57.6815
	58.2874
	58.3405
	58.3651
	58.83
	60.3463
	61.606
	62.2879
	66.6714
	69.7688
	69.7856
	74.9566
	75.947
	79.901
	80.9299
	83.7235
	86.4934
	97.1448
202 35
	4.33852
	8.48098
	9.33854
	9.35765
	9.60667
	10.0284
	10.6555
	10.6898
	11.5545
	12.2018
	13.706
	15.1704
	17.7026
	19.2955
	21.3195
	21.3584
	33.4056
	34.0564
	46.9712
	47.5921
	47.6288
	47.876
	48.2564
	50.7937
	50.8035
	51.075
	55.4516
	68.0269
	72.8531
	73.4358
	73.5938
	74.9837
	75.0462
	77.1354
	87.9763
203 28
	5.05338
	19.5616
	19.7278
	38.1733
	45.4399
	45.9326
	46.0195
	46.1444
	48.383
	48.5186
	50.1017
	52.24
	57.1783
	57.7643
	63.3025
	75.2227
	79.7571
	80.5163
	81.2375
	81.2951
	87.2666
	89.15
	90.0428
	91.866
	96.0662
	96.3756
	96.3838
	99.5177
204 19
	3.50019
	10.7135
	10.8146
	16.1651
	25.1615
	25.796
	26.5394
	41.881
	42.6943
	50.683
	51.0414
	51.722
	55.2908
	63.6398
	76.0112
	81.0965
	82.4719
	84.6847
	94.0899
205 39
	6.35265
	6.82955
	18.4325
	21.013
	21.3824
	21.8751
	28.9715
	30.4319
	34.8545
	38.8036
	49.2414
	49.4841
	50.4814
	50.803
	53.891
	54.2433
	57.6083
	68.3724
	76.3012
	78.032
	78.5093
	78.6081
	78.67
	78.8814
	79.7295
	80.3688
	82.3891
	82.4944
	84.9327
	85.6411
	89.7674
	95.5509
	95.6118
	96.007
	96.7852
	96.812
	96.8243
	97.4795
	97.7885
206 54
	4.08267
	4.26612
	4.68624
	5.59899
	6.97704
	8.61119
	8.719
	10.2667
	10.3129
	10.498
	10.5549
	11.007
	11.5085
	12.3498
	13.2204
	13.341
	13.5352
	14.6372
	14.6653
	21.1545
	28.4297
	35.0753
	35.3712
	37.1059
	37.1767
	39.0599
	40.4863
	42.1889
	42.6305
	43.4816
	49.5156
	51.4816
	51.7248
	57.2799
	57.5322
	62.6291
	62.6983
	62.8459
	63.1151
	63.4394
	64.9531
	70.9601
	71.0656
	71.42
	71.7998
	72.3389
	72.4027
	73.3298
	76.8859
	76.9001
	80.3522
	85.0837
	87.4797
	91.3162
207 9
	8.01866
	8.41119
	40.7628
	55.6595
	59.6641
	64.4344
	64.7817
	71.4911
	89.1043
208 24
	3.3769
	11.6766
	12.2251
	20.4906
	21.0893
	27.6013
	28.3968
	28.9467
	30.6342
	31.0065
	32.9887
	33.6223
	40.3629
	52.4915
	55.3733
	57.3706
	57.4249
	60.0028
	60.1289
	60.2091
	67.965
	69.7868
	82.5533
	90.0804
209 28
	13.16
	19.4239
	19.4967
	23.2867
	23.8731
	24.2757
	24.5733
	40.613
	58.8484
	58.9074
	58.9635
	62.5083
	64.3533
	67.4667
	69.4387
	75.6332
	80.3318
	80.8984
	81.6153
	84.3838
	85.1109
	86.6254
	91.3131
	94.9299
	96.3371
	96.3438
	97.9755
	98.0151
210 19
	14.5859
	18.4499
	22.2914
	22.5386
	24.9538
	26.3906
	33.268
	33.742
	35.3068
	36.4387
	36.9274
	37.8926
	42.1283
	43.4783
	44.1535
	67.4094
	74.489
	74.5441
	77.0064
211 25
	1.16669
	21.325
	35.9316
	36.8503
	38.4822
	43.3601
	47.229
	59.2433
	59.2779
	59.5042
	60.1982
	60.2655
	68.8013
	69.1659
	72.2056
	72.9555
	73.5333
	74.5265
	77.9665
	78.0171
	79.2247
	84.7902
	84.8617
	88.0421
	97.2828
212 31
	20.9721
	21.599
	25.1086
	25.1467
	25.3498
	34.9021
	36.9941
	37.6246
	39.2967
	41.4177
	41.5478
	44.8047
	45.4601
	46.5958
	48.1562
	48.2724
	48.5435
	53.3846
	53.8327
	56.1931
	58.9163
	61.7561
	62.1262
	65.5263
	66.1367
	67.3195
	68.482
	71.7402
	88.5032
	94.66
	94.8961
213 18
	8.35199
	8.44152
	10.3352
	10.3362
	12.3633
	13.1006
	21.352
	30.8259
	39.2179
	41.5174
	41.673
	47.717
	58.4113
	77.3594
	93.6108
	94.4161
	94.9957
	98.7628
214 14
	2.90206
	3.85671
	13.3648
	69.284
	69.4427
	70.4406
	76.1524
	76.2721
	79.2295
	85.1369
	85.5159
	85.8734
	88.2265
	88.9282
215 8
	35.0962
	38.1757
	47.3068
	66.6019
	67.1064
	69.2395
	69.7965
	78.7143
216 32
	4.9409
	5.36871
	5.49031
	5.95483
	6.06893
	8.56118
	9.18626
	9.28238
	14.4679
	15.0949
	15.997
	17.4172
	20.7407
	25.1908
	37.7704
	38.897
	43.66
	44.1154
	44.187
	47.3195
	52.2967
	54.2413
	57.4169
	57.9254
	58.0505
	62.4173
	64.0772
	66.6974
	67.4948
	78.0384
	81.0474
	93.777
217 29
	4.66379
	4.9137
	6.56972
	7.24893
	7.47549
	8.72938
	8.9846
	9.28491
	21.3664
	21.3794
	23.5096
	42.6372
	43.0657
	43.2338
	58.1289
	72.5989
	82.4393
	82.8298
	93.8847
	94.2866
	95.259
	95.3988
	97.0189
	97.1383
	97.2966
	98.799
	99.317
	99.7117
	99.8834
218 10
	20.9216
	27.6362
	29.1676
	53.4461
	54.2843
	70.9484
	70.9644
	87.1482
	88.1683
	88.5457
219 17
	26.8916
	36.5825
	52.1526
	52.4676
	53.3282
	53.8624
	54.2871
	55.3841
	57.679
	57.9798
	65.3772
	66.0341
	67.8812
	69.7148
	82.6307
	94.3751
	97.4586
220 19
	19.7275
	28.5483
	28.7768
	28.9002
	28.9791
	29.1852
	29.2679
	43.2689
	43.8185
	44.7929
	45.9983
	46.3756
	60.9134
	71.3349
	71.3968
	72.2587
	78.6441
	88.5568
	89.6274
221 15
	42.4345
	44.4944
	45.9203
	46.5283
	54.9633
	68.3442
	82.7258
	84.277
	84.3672
	89.1787
	95.9822
	96.5104
	96.639
	96.7704
	97.9165
222 28
	21.514
	23.0119
	23.832
	43.4792
	43.5154
	43.7447
	52.0502
	52.1741
	53.6197
	54.3091
	54.8145
	56.9016
	58.7179
	59.1984
	59.2862
	59.8287
	59.9874
	61.5653
	61.5859
	61.6109
	63.1311
	63.8103
	66.6912
	66.8835
	67.5626
	86.8434
	87.0771
	91.235
223 21
	0.511098
	5.52612
	6.324
	6.54537
	7.11463
	7.36727
	16.1583
	20.7204
	21.2387
	24.6011
	25.0524
	25.1044
	25.5032
	40.4491
	48.4458
	48.6447
	55.05
	57.4998
	63.987
	78.441
	79.0792
224 18
	10.8206
	11.6283
	38.0994
	39.0038
	39.2776
	47.4751
	48.016
	51.5573
	54.7377
	55.6644
	68.6987
	70.7796
	78.0734
	78.2944
	78.4519
	79.0268
	81.4168
	86.3243
225 22
	1.16763
	14.6224
	15.2024
	15.5404
	15.5651
	18.2524
	29.0845
	31.4616
	34.5639
	34.649
	34.7021
	37.718
	44.9185
	46.386
	47.1319
	49.2405
	66.0341
	69.4221
	69.5548
	82.2354
	90.7816
	98.5293
226 31
	7.95455
	18.2018
	18.3293
	19.147
	19.6453
	20.8481
	36.1032
	36.8669
	37.4826
	43.2884
	44.094
	51.6504
	54.26
	54.2796
	57.3597
	60.3606
	63.7838
	65.1629
	65.9781
	81.0103
	81.3284
	81.3903
	81.8956
	82.2879
	82.628
	82.8959
	85.0422
	86.1219
	87.9166
	88.1588
	97.9926
227 14
	4.45245
	10.326
	10.7078
	10.709
	17.737
	18.8661
	19.236
	20.1274
	29.789
	50.4815
	54.044
	59.4251
	61.91
	68.9649
228 31
	3.09267
	7.70478
	8.51991
	9.6703
	9.712
	9.91979
	29.5638
	29.7276
	30.4542
	30.5223
	33.0255
	34.348
	34.8963
	34.8992
	58.1835
	58.3277
	58.8421
	60.5492
	62.2954
	63.0059
	63.0274
	73.365
	75.9547
	77.4601
	80.1463
	89.1585
	89.3602
	89.8696
	90.4686
	91.096
	92.5812
229 21
	1.8594
	2.15146
	2.20256
	2.98263
	3.41363
	5.40637
	7.43102
	36.7716
	49.7294
	53.5357
	62.4538
	69.2658
	72.7144
	72.8323
	75.2343
	82.765
	83.484
	92.147
	92.4086
	94.9779
	95.3424
230 5
	11.7704
	21.3436
	25.1539
	36.0963
	58.1703
231 20
	10.6898
	11.2468
	23.1208
	27.8128
	36.7209
	40.1972
	51.7951
	53.7241
	54.7446
	60.5915
	60.8012
	71.0526
	77.1144
	77.1533
	81.7523
	86.3273
	86.5638
	86.9535
	88.4438
	91.2799
232 23
	3.73677
	5.4134
	7.25898
	7.2611
	8.63765
	26.8189
	29.7352
	30.1061
	32.3278
	39.0689
	49.0869
	61.6795
	68.2394
	68.4663
	68.6333
	70.6664
	74.0863
	79.0162
	81.9029
	90.2965
	91.665
	93.962
	96.3226
233 25
	11.1098
	11.1698
	11.4832
	12.2979
	13.3358
	13.5065
	14.8229
	25.2848
	29.4152
	29.7168
	31.9149
	33.1591
	33.6452
	36.1395
	36.3676
	36.8276
	39.421
	40.1789
	40.4838
	41.3528
	50.2503
	61.8393
	62.8437
	81.2824
	89.8379
234 29
	7.10699
	7.25738
	7.85741
	8.04038
	8.2777
	8.43481
	8.49745
	8.53297
	8.80488
	14.8022
	14.8578
	15.0873
	15.1462
	15.9564
	16.8529
	19.5231
	23.9498
	53.3245
	55.4911
	56.6194
	72.3817
	73.718
	77.015
	90.7924
	92.8888
	93.5363
	93.9269
	97.9608
	99.4428
235 44
	13.3005
	16.0795
	16.7708
	39.6839
	41.2829
	41.7935
	41.9782
	42.2998
	42.8873
	43.0663
	45.0198
	46.0871
	46.4698
	48.1138
	48.3549
	51.2363
	51.2519
	51.5171
	51.6193
	52.1226
	53.3134
	54.0829
	56.8185
	61.4496
	62.7134
	62.7469
	63.1656
	63.2777
	63.7323
	63.7652
	64.2454
	65.7349
	66.1591
	66.4542
	66.5896
	66.8229
	66.9715
	69.3999
	75.156
	76.6467
	78.9365
	79.2486
	79.6404
	80.5666
236 22
	1.52506
	7.36186
	8.20076
	8.79398
	20.9097
	20.9945
	24.9994
	26.401
	27.4337
	27.6206
	27.6993
	28.3008
	51.4585
	52.7962
	79.7969
	80.6999
	81.8689
	84.2513
	84.4809
	84.6225
	84.8114
	90.7379
237 10
	18.7372
	22.162
	22.6238
	51.5102
	56.3443
	57.2704
	68.7057
	76.081
	98.4991
	99.9302
238 10
	6.89333
	7.2001
	7.34873
	8.05733
	16.9059
	18.0285
	18.0836
	18.4957
	33.9642
	59.1386
239 18
	20.0602
	20.2076
	20.6332
	25.3979
	26.3505
	26.6499
	37.5688
	55.1606
	62.0584
	69.5716
	71.5878
	75.8683
	77.5408
	86.3574
	86.8783
	88.4204
	88.4952
	90.1999
240 19
	7.10799
	7.12564
	19.7853
	29.0537
	30.1465
	48.8356
	58.9173
	72.3046
	77.0147
	78.2265
	78.6106
	79.5839
	79.9983
	83.3364
	89.5253
	94.5696
	96.3477
	96.854
	96.9223
241 20
	15.0506
	16.3063
	17.0651
	17.129
	31.3124
	36.7752
	42.9255
	44.1013
	45.6699
	52.7401
	56.7756
	61.9563
	63.037
	63.0602
	86.0996
	86.1379
	87.6135
	87.6933
	88.9204
	98.5971
242 30
	3.11444
	15.9755
	17.1442
	18.23
	18.4286
	19.3883
	19.9311
	23.3894
	23.5283
	23.5814
	24.0177
	24.9703
	25.9422
	26.0755
	30.7252
	32.3363
	34.0182
	36.5566
	52.1191
	52.3212
	52.5479
	52.5722
	58.8124
	76.4237
	78.1571
	80.711
	81.4978
	83.8131
	94.1677
	95.7988
243 22
	3.74262
	4.55307
	5.54295
	10.5335
	16.3198
	24.8315
	40.936
	41.5203
	41.5408
	52.8367
	53.8941
	55.7658
	57.7394
	57.8558
	70.8369
	71.2529
	78.5865
	80.3494
	80.5337
	81.8568
	82.0511
	85.6292
244 11
	5.65167
	15.0989
	26.4569
	38.1955
	41.0647
	42.3189
	48.197
	73.3737
	73.4499
	96.1603
	96.2608
245 15
	7.73315
	10.3511
	21.0741
	21.361
	22.6987
	26.5612
	30.1999
	38.5392
	39.1749
	43.3829
	46.963
	49.3805
	83.0371
	97.5276
	98.2904
246 23
	4.63609
	5.45444
	5.46709
	5.81468
	6.10799
	10.6603
	21.1206
	22.115
	22.5104
	22.5154
	22.5966
	25.4943
	28.854
	29.3083
	30.4197
	30.5956
	30.6485
	33.6914
	42.2544
	74.2099
	94.4029
	94.413
	94.4858
247 32
	2.80293
	27.5294
	27.6511
	62.5824
	63.8528
	63.9308
	69.5715
	71.6493
	71.947
	71.9821
	71.9988
	72.4303
	73.2999
	73.4771
	73.5894
	74.8109
	74.9574
	75.6527
	77.9291
	78.4362
	78.5435
	82.7138
	82.7402
	85.7345
	88.3825
	90.3383
	90.8319
	90.997
	93.5719
	93.9975
	94.4961
	94.6633
248 12
	17.7379
	24.8831
	46.6373
	56.1196
	65.099
	67.0129
	67.019
	73.7124
	78.5267
	79.1799
	95.0299
	98.6963
249 12
	5.22056
	10.6597
	29.1613
	39.1146
	48.707
	48.7914
	50.3442
	66.9484
	66.9821
	84.5931
	90.9688
	97.9151
250 17
	5.68646
	12.0397
	12.2249
	23.3273
	23.6693
	24.6294
	26.5749
	26.6556
	38.5382
	40.1552
	62.3481
	63.2363
	69.5029
	80.5673
	85.9021
	95.6729
	96.8754
251 11
	7.78554
	7.84427
	11.6198
	26.4905
	27.9316
	28.601
	54.4196
	58.8422
	69.9096
	83.4797
	89.2497
252 16
	0.728306
	23.1938
	30.8243
	32.5171
	36.7063
	44.6969
	64.2501
	73.4237
	85.4756
	86.2948
	87.0066
	87.0448
	93.871
	93.9803
	94.0465
	99.7681
253 34
	14.0677
	14.5638
	16.3137
	17.3482
	17.8005
	27.2205
	27.8268
	28.5806
	29.7146
	37.8996
	40.5984
	40.6368
	40.6979
	46.597
	49.3027
	50.1765
	57.1731
	57.7289
	57.8674
	60.9943
	60.9996
	61.1343
	61.6176
	63.2745
	63.9635
	65.5021
	74.2125
	87.6768
	88.7702
	91.9695
	92.515
	92.5788
	99.2436
	99.8713
254 12
	17.7368
	20.5432
	22.7687
	24.3626
	30.7499
	48.0532
	50.0363
	55.8843
	83.4678
	98.377
	98.4911
	98.7863
255 24
	23.9669
	26.8006
	26.8341
	26.9982
	30.0586
	30.8664
	31.065
	31.2809
	35.5949
	49.5732
	49.6409
	49.6462
	52.304
	54.2901
	55.1016
	55.2908
	58.036
	72.9485
	76.7635
	84.6064
	85.6409
	85.6427
	85.9546
	90.6749
256 25
	29.2887
	30.0844
	32.2371
	33.545
	33.5978
	33.7817
	33.8685
	34.3853
	34.409
	35.0196
	35.5008
	35.7835
	36.3336
	36.4821
	36.4935
	37.4779
	37.5914
	38.9993
	44.5274
	47.4441
	57.4572
	77.815
	91.8312
	92.805
	97.1706
257 24
	0.782078
	17.6289
	19.8173
	28.4527
	28.5342
	38.465
	41.5042
	49.1763
	51.3036
	67.1796
	77.1327
	77.7126
	78.0468
	81.9288
	83.1259
	83.8989
	84.4791
	86.1581
	86.2041
	86.425
	86.8633
	87.2761
	93.1569
	93.995
258 26
	0.21319
	1.65673
	1.82174
	13.575
	15.3008
	15.7125
	15.8176
	17.3021
	17.8963
	18.2865
	18.7277
	23.2008
	24.4747
	38.5795
	43.8067
	44.4263
	46.2697
	59.7554
	77.2938
	77.5628
	77.5794
	79.6422
	86.5152
	86.6214
	96.0406
	97.0088
259 12
	10.2325
	22.5798
	23.197
	25.1608
	25.903
	26.0945
	28.1311
	41.8142
	61.549
	69.6849
	90.5014
	99.3414
260 32
	2.89608
	4.18422
	5.46
	5.47247
	6.03482
	6.43206
	8.12193
	16.5434
	28.453
	30.2734
	30.4815
	30.5456
	30.7758
	30.8353
	31.101
	31.9503
	32.0561
	37.6731
	56.3653
	60.9094
	61.33
	61.9919
	65.7094
	75.3272
	75.7623
	75.9246
	76.3959
	78.5629
	83.7887
	85.4326
	87.466
	92.7028
261 14
	6.54846
	10.0114
	18.2352
	63.4417
	63.5368
	64.6883
	65.3443
	65.7575
	78.8881
	82.9856
	92.431
	92.8096
	93.1209
	93.8211
262 10
	17.8364
	51.8132
	52.0208
	52.7425
	76.6938
	82.0993
	87.5828
	98.7098
	98.8392
	99.2032
263 19
	4.95087
	5.18957
	5.92996
	6.8234
	7.54451
	7.61859
	12.3201
	49.0855
	52.9876
	53.198
	53.3011
	55.4567
	58.4991
	58.4999
	61.0385
	61.2527
	61.4831
	62.4589
	81.2201
264 27
	8.49327
	16.7305
	18.2609
	27.4336
	27.6672
	41.0007
	41.3072
	42.47
	43.2223
	43.9516
	44.9096
	44.9578
	45.6205
	47.2541
	47.4765
	47.8955
	49.2245
	50.5442
	52.2106
	52.2702
	53.6494
	56.2395
	69.8491
	72.2992
	74.3215
	76.7533
	95.7644
265 20
	0.102171
	3.83291
	9.46635
	23.5811
	27.4303
	29.178
	51.2447
	61.2294
	65.8079
	70.6474
	72.5934
	73.7862
	74.3867
	75.1272
	86.6831
	91.7861
	92.5576
	96.4616
	98.5372
	99.6129
266 27
	0.0790733
	1.91006
	5.09279
	10.2932
	18.7643
	51.7456
	53.4795
	53.7786
	53.9405
	54.316
	54.7688
	58.2766
	68.3739
	68.8133
	73.411
	74.731
	74.8836
	74.9283
	76.6232
	77.9816
	78.0759
	81.8418
	81.8632
	84.7122
	88.2011
	89.9603
	92.447
267 23
	8.04894
	9.86586
	9.96029
	27.7782
	41.7605
	43.7163
	50.2503
	68.1001
	68.1149
	86.7985
	87.0234
	92.6138
	92.9013
	93.2122
	93.7722
	94.102
	94.3509
	95.7833
	95.8359
	96.2508
	96.5677
	97.1793
	97.4505
268 29
	2.16724
	3.06327
	12.9739
	18.789
	24.0821
	24.7957
	25.1686
	26.5685
	28.5337
	29.6667
	30.2544
	31.347
	31.6455
	34.2804
	37.0179
	39.0205
	45.1981
	46.4325
	48.0617
	53.4985
	54.4779
	67.622
	68.6171
	68.7678
	70.7893
	73.8749
	76.4484
	86.4045
	86.5603
269 26
	0.577423
	0.587736
	0.745768
	1.20445
	2.05655
	21.9739
	22.0001
	23.2277
	34.1299
	45.0674
	48.4966
	53.1602
	56.6965
	57.1725
	58.4992
	65.0148
	72.5895
	74.5116
	78.1975
	80.5478
	84.1599
	84.7632
	84.8947
	85.453
	85.5916
	85.709
270 15
	8.80082
	11.9427
	25.4371
	25.6331
	30.0686
	38.247
	38.8012
	39.292
	57.9264
	58.3615
	58.3928
	68.4517
	80.6013
	82.0587
	90.7392
271 20
	4.87866
	7.24172
	8.25775
	15.8791
	36.2325
	58.5125
	58.6957
	58.7674
	58.9323
	59.4323
	59.6293
	60.8276
	60.8302
	62.3605
	66.1465
	73.9766
	80.0718
	92.0119
	93.2296
	94.9844
272 13
	15.3933
	35.9287
	36.9595
	39.1564
	39.5954
	40.8338
	41.2181
	51.2725
	61.1578
	88.4908
	99.4331
	99.6851
	99.9074
273 16
	20.8024
	21.7446
	30.1422
	31.021
	31.9542
	33.7432
	57.3443
	70.7199
	73.1128
	81.4938
	83.0734
	84.1665
	85.0439
	86.2798
	86.6687
	95.9604
274 12
	8.7762
	21.4174
	22.4323
	23.2198
	26.255
	31.1496
	44.8756
	61.8852
	75.8962
	79.4478
	80.1186
	82.9356
275 12
	0.0127636
	1.85474
	36.2212
	36.6668
	39.6222
	42.8121
	59.6602
	78.6426
	83.896
	84.5768
	91.0493
	97.6049
276 25
	4.83066
	5.2104
	10.4216
	11.7273
	15.0459
	16.4165
	16.4306
	28.0305
	30.1438
	30.8598
	31.6131
	42.8948
	56.646
	58.4725
	59.2465
	63.2177
	64.9294
	65.1087
	80.7686
	92.8457
	95.6987
	95.7632
	95.8804
	98.4293
	99.1053
277 24
	5.07754
	6.89965
	9.52767
	9.91698
	15.1879
	15.4615
	15.8234
	16.7678
	19.4738
	24.4576
	42.0478
	43.0565
	48.5617
	49.1914
	49.2175
	51.3925
	51.5587
	61.5119
	66.0742
	80.1441
	83.6546
	85.6781
	87.0416
	87.0431
278 25
	4.45383
	26.1853
	26.2189
	26.4125
	26.5504
	26.5607
	26.7459
	27.5587
	27.5611
	28.7134
	28.8059
	29.1536
	32.5794
	33.5934
	38.0476
	39.0778
	39.4366
	52.9877
	68.2934
	68.9061
	69.3188
	71.4809
	74.4688
	90.8639
	92.9305
279 23
	6.88547
	7.06534
	7.36798
	14.0849
	18.8397
	20.2535
	20.4941
	25.923
	26.4523
	26.636
	27.3263
	27.6865
	28.5092
	29.177
	44.7183
	46.3894
	54.3799
	78.1808
	88.5742
	90.8906
	93.4973
	93.6656
	96.3621
280 18
	10.8063
	16.727
	19.7567
	31.0309
	43.7714
	49.2337
	56.82
	78.7565
	82.0092
	83.4463
	83.6159
	83.6897
	83.7312
	84.3538
	86.1713
	95.2688
	97.5415
	97.7366
281 26
	1.07376
	5.51485
	8.26628
	11.6036
	22.7093
	24.3043
	24.9022
	25.0067
	25.9126
	29.6018
	30.2041
	34.4691
	36.0896
	36.0946
	40.8804
	42.9033
	77.7923
	77.8459
	78.4738
	78.5289
	79.4665
	95.3528
	95.8528
	97.4666
	98.8085
	99.9853
282 24
	18.903
	18.9821
	22.5135
	24.4686
	24.669
	28.3441
	34.9097
	35.9779
	36.0303
	36.274
	39.5271
	39.622
	45.5592
	45.73
	63.8806
	73.6677
	78.8293
	80.167
	81.3875
	84.9568
	85.0699
	85.2179
	91.4127
	92.5712
283 41
	0.39359
	6.10277
	7.99063
	10.3555
	11.01
	18.4808
	31.3053
	47.6065
	49.7448
	57.8823
	73.7635
	75.2531
	76.7604
	77.427
	77.4894
	77.6286
	77.8886
	78.4839
	78.5606
	78.6485
	78.9867
	79.3215
	79.4539
	79.6135
	79.7026
	80.9124
	81.1035
	81.191
	81.271
	81.5667
	82.0947
	82.5228
	84.441
	84.9259
	85.017
	85.026
	85.4821
	85.5547
	87.53
	87.6804
	88.5328
284 33
	1.38486
	1.44414
	3.24562
	7.70943
	10.5732
	15.1912
	20.8467
	30.5937
	30.8626
	43.9055
	44.09
	45.1246
	46.5761
	46.5923
	49.8248
	51.9731
	54.8553
	56.0871
	56.134
	58.2232
	59.8059
	61.7438
	62.5785
	63.2707
	63.5462
	65.0017
	66.3171
	67.3713
	70.9047
	88.7695
	89.9858
	90.6738
	98.9847
285 25
	4.86657
	14.0323
	24.0512
	24.2334
	27.9628
	29.6825
	30.374
	31.1859
	31.1865
	31.4717
	31.8441
	31.9395
	32.3225
	35.5173
	41.8761
	42.9806
	48.9685
	75.1556
	75.2795
	75.3605
	75.8712
	84.3247
	84.3913
	84.5637
	84.6053
286 14
	4.75957
	7.86713
	30.0366
	30.9412
	39.6478
	56.9602
	58.3144
	59.2417
	60.3088
	62.1604
	68.4265
	70.8696
	74.2489
	84.4577
287 25
	21.7532
	22.1119
	26.7585
	28.7189
	29.0196
	29.1528
	29.2856
	29.5312
	29.5476
	29.8026
	30.4486
	30.6034
	30.9748
	32.5051
	33.6593
	34.9704
	42.2661
	42.7751
	46.4058
	60.1932
	60.896
	74.646
	85.3265
	87.5732
	95.4115
288 17
	1.4521
	2.18389
	2.69429
	5.32778
	6.94989
	22.607
	38.1725
	42.0731
	43.5839
	46.0099
	47.2559
	54.4737
	57.0073
	65.9753
	76.5983
	76.7651
	79.2821
289 15
	3.80937
	28.596
	34.5526
	34.6607
	34.8601
	35.0125
	38.6682
	43.6874
	48.0692
	48.2661
	56.7529
	57.394
	57.7248
	70.7523
	71.3221
290 21
	2.29122
	4.75518
	9.67999
	9.6924
	9.82031
	10.2469
	10.3979
	15.1926
	23.1825
	27.5629
	47.5848
	66.7825
	67.7571
	67.9836
	68.2625
	69.3037
	75.6474
	77.3363
	88.9996
	92.0326
	99.0078
291 49
	3.9829
	14.3537
	16.3365
	16.5886
	16.7414
	16.9832
	19.1285
	19.1374
	20.1908
	23.059
	25.2411
	25.9744
	29.7151
	38.2103
	50.4224
	50.7521
	52.3431
	54.8075
	55.634
	57.1218
	57.2003
	57.866
	58.2029
	58.3645
	58.6427
	59.6155
	59.7621
	59.9622
	60.2633
	62.9297
	63.7126
	64.1938
	64.3134
	65.2323
	65.53
	65.7904
	66.0098
	66.0281
	67.2525
	68.5132
	72.0703
	83.8211
	84.1571
	89.3769
	90.4959
	93.8304
	95.1986
	95.4774
	96.3254
292 13
	4.61088
	15.0922
	19.7127
	24.1873
	31.9923
	35.6825
	37.2976
	38.1042
	38.2037
	40.1715
	41.3029
	42.8297
	49.0959
293 40
	7.75693
	12.4467
	15.6527
	17.4004
	17.7131
	18.1206
	18.2568
	18.7349
	19.0205
	19.3219
	26.5732
	26.6706
	28.992
	31.1979
	31.4219
	31.7344
	31.9069
	32.5392
	32.8653
	33.3462
	34.2119
	36.3969
	36.4708
	36.8161
	37.0179
	38.2414
	38.4719
	38.5289
	38.6621
	39.3701
	41.0285
	41.3053
	86.5498
	87.8385
	87.9827
	90.4173
	91.8674
	96.2609
	98.4587
	98.6752
294 23
	5.15345
	5.181
	6.309
	6.39082
	19.729
	20.0164
	31.7431
	41.7089
	48.615
	57.048
	57.4127
	59.4894
	59.6249
	65.8827
	67.082
	78.3835
	81.4606
	81.6078
	81.9431
	82.4067
	83.8225
	91.5975
	91.6468
295 11
	8.22602
	11.9323
	22.3811
	22.5229
	28.8671
	38.8884
	49.8242
	56.6005
	60.23
	78.3642
	79.7735
296 26
	0.868279
	1.13669
	7.42345
	24.1011
	35.9585
	36.8811
	38.3773
	45.5231
	45.5514
	48.9676
	58.2553
	59.2017
	66.4509
	66.8584
	70.928
	71.0621
	79.0295
	79.7842
	80.2929
	80.8545
	81.1792
	83.3939
	90.3825
	91.866
	94.5005
	94.594
297 18
	26.8918
	29.28
	41.801
	42.4484
	44.5547
	58.0435
	66.1895
	70.6654
	72.0143
	84.4786
	91.9954
	92.4942
	92.5601
	93.1728
	94.2302
	95.4662
	95.6053
	96.7817
298 19
	0.0289264
	2.9926
	3.54528
	7.09679
	25.7898
	27.1344
	32.9415
	33.6507
	48.6692
	53.1025
	61.7126
	85.5615
	85.9501
	86.8027
	87.6871
	88.0979
	88.6584
	94.7905
	96.3328
299 30
	4.94307
	7.24573
	7.65729
	11.7287
	17.9026
	18.6607
	20.6671
	20.9008
	26.8533
	32.0221
	33.9324
	48.3617
	53.5446
	55.7727
	65.467
	69.8374
	71.7691
	72.9213
	77.1008
	77.7365
	79.31
	80.034
	80.3677
	82.569
	82.7042
	83.0967
	86.0569
	90.5184
	90.5303
	90.9624
300 34
	3.14951
	3.24766
	5.32972
	7.23064
	12.803
	14.7467
	16.5731
	19.9683
	20.4989
	24.0588
	25.3612
	29.1214
	37.9146
	38.0373
	39.3084
	41.1604
	42.0466
	44.9096
	45.2496
	46.9647
	49.2172
	52.7621
	53.311
	53.6872
	54.0363
	55.4412
	56.7276
	57.4002
	57.7425
	59.5419
	60.355
	62.1602
	62.3935
	63.7214
301 21
	1.09633
	1.6893
	4.15459
	10.9609
	14.8391
	17.3967
	18.1699
	18.4652
	20.0596
	31.584
	42.4473
	46.7857
	47.4909
	50.9275
	50.9283
	51.4934
	51.9663
	54.51
	79.749
	85.7275
	99.3245
302 18
	0.968405
	0.971761
	16.6447
	31.8866
	35.7423
	46.795
	47.0867
	51.9627
	53.1343
	54.0072
	55.5343
	55.651
	59.8532
	79.2821
	79.5578
	79.6383
	81.7634
	89.6837
303 9
	9.29585
	36.0896
	47.9607
	70.7929
	72.2849
	75.1584
	85.6019
	85.7521
	99.9101
304 16
	4.647
	5.0783
	21.2176
	27.9302
	30.8727
	35.5821
	36.412
	38.8732
	41.7983
	45.3145
	45.4962
	50.7022
	54.1011
	77.4751
	84.9305
	95.625
305 17
	0.997333
	3.06104
	3.15632
	10.1832
	10.2968
	11.4237
	15.3239
	17.8477
	35.1256
	36.3018
	37.5504
	47.2767
	65.016
	69.365
	75.269
	80.7873
	81.1674
306 15
	8.54901
	8.95781
	12.4171
	14.0501
	21.1989
	21.6332
	32.3879
	40.5866
	42.2793
	61.0323
	79.3358
	92.243
	93.868
	98.0165
	98.3799
307 10
	0.240802
	2.16039
	10.9468
	34.5902
	36.1479
	42.3801
	59.9067
	70.1424
	86.2472
	95.6964
308 16
	8.2432
	9.79816
	10.2763
	10.3562
	14.577
	17.7672
	25.4594
	31.5319
	38.7687
	43.5555
	43.8984
	49.3033
	84.6382
	84.6437
	94.6756
	98.3703
309 12
	9.23342
	22.2234
	38.8583
	49.2107
	52.8536
	53.3179
	57.679
	67.9344
	88.1049
	88.1064
	88.5854
	98.6121
310 12
	4.0509
	15.6154
	18.1556
	26.5221
	27.3873
	31.9111
	33.8452
	41.1407
	54.8736
	63.4342
	72.0688
	78.6178
311 19
	0.883935
	33.0003
	33.0098
	33.2728
	33.6862
	36.4314
	38.7116
	39.9653
	40.2685
	40.8705
	49.5584
	65.1494
	67.1441
	81.4166
	89.4938
	92.1362
	95.0634
	97.4203
	97.6565
312 10
	7.2297
	18.7604
	19.9424
	23.2938
	26.3422
	35.5796
	82.4083
	82.805
	90.3657
	91.9136
313 16
	2.13814
	4.44267
	7.90502
	46.1878
	54.7398
	58.5445
	58.6726
	66.8087
	72.1976
	82.8208
	83.5593
	85.197
	85.8204
	89.1974
	89.5169
	90.8589
314 14
	8.40611
	18.9488
	29.5404
	29.7244
	32.8381
	34.2753
	46.8196
	51.195
	63.469
	73.7226
	86.1867
	88.6533
	89.5479
	92.6851
315 13
	1.44351
	2.68433
	25.3549
	34.3564
	46.1659
	69.6187
	71.8217
	74.7397
	75.4266
	81.4965
	94.3258
	94.4951
	97.232
316 15
	1.01792
	1.07148
	1.45757
	16.4656
	19.8952
	22.7694
	23.548
	23.9796
	27.0659
	28.8883
	37.524
	62.2711
	82.0868
	89.3418
	98.8662
317 10
	1.19783
	4.99968
	8.69066
	8.7465
	31.5753
	50.9804
	51.9886
	54.6103
	54.6583
	88.4654
318 12
	1.57981
	6.74123
	9.04982
	9.24842
	9.38105
	19.8849
	26.3264
	27.8701
	29.4765
	31.8249
	37.7475
	95.7757
319 20
	0.969015
	15.5278
	15.6304
	16.7372
	16.8215
	16.8491
	17.8411
	17.8861
	20.3412
	20.4847
	23.1482
	25.7488
	34.4625
	35.0339
	38.047
	38.5867
	39.926
	42.5085
	96.6439
	97.5592
320 15
	3.72515
	23.4438
	27.3744
	27.8813
	40.4437
	48.4682
	56.7249
	69.1414
	77.6918
	80.7952
	83.5257
	87.9172
	93.814
	94.4093
	97.5994
321 9
	6.34797
	10.2551
	24.2079
	26.0156
	26.7877
	37.3293
	54.7705
	82.2046
	97.029
322 10
	27.0077
	32.2668
	33.6129
	68.6292
	69.5123
	76.4657
	83.857
	84.1214
	85.657
	99.831
323 13
	20.637
	46.3818
	55.5374
	57.4404
	60.801
	61.171
	69.6966
	72.2547
	72.4135
	73.5188
	74.83
	97.0692
	99.0999
324 11
	1.81109
	7.53859
	8.58153
	8.5848
	34.1954
	35.0549
	43.434
	55.0801
	59.4361
	59.6439
	70.2847
325 12
	2.34454
	6.54471
	17.9354
	28.1225
	29.069
	52.2928
	65.0971
	69.7092
	81.3109
	82.5386
	84.7193
	91.4199
326 17
	0.345282
	1.63173
	4.58067
	29.1541
	34.2629
	44.4663
	59.5142
	60.4383
	68.5787
	68.7228
	69.4686
	73.247
	83.0184
	87.2349
	88.2746
	94.7965
	99.5869
327 11
	9.988
	26.283
	26.9425
	30.1473
	33.5868
	49.1802
	52.3594
	57.7917
	68.4545
	78.8098
	80.5715
328 10
	7.61132
	40.9428
	48.1907
	49.6191
	65.4999
	77.1111
	79.0716
	82.4159
	94.254
	97.3014
329 16
	1.01723
	4.38709
	19.4251
	20.3702
	22.9879
	30.9867
	32.4561
	35.9783
	54.887
	63.5434
	70.2266
	72.8936
	75.6709
	88.2415
	96.8489
	98.0215
330 26
	3.83521
	9.36344
	9.41734
	20.4337
	21.0459
	26.6532
	28.0428
	30.0721
	32.7663
	39.7348
	41.693
	51.9547
	58.8733
	66.1829
	69.396
	69.581
	73.9807
	75.2907
	75.4293
	75.6855
	78.2164
	78.788
	79.2497
	80.6917
	83.5865
	88.2298
331 21
	3.58792
	13.4492
	15.2845
	22.6605
	27.6062
	39.6356
	42.7226
	49.1132
	63.2503
	63.3809
	66.0353
	66.9252
	68.5189
	71.2599
	72.5428
	74.8643
	77.5082
	82.5094
	82.5166
	89.6934
	90.5782
332 17
	17.1832
	19.3142
	22.1027
	22.293
	27.9837
	30.8974
	34.2696
	48.4486
	59.3731
	71.8451
	73.0438
	73.2137
	74.3367
	74.9774
	81.2297
	84.0836
	90.675
333 16
	7.61938
	15.9566
	24.4359
	25.5807
	26.3025
	31.1184
	31.5421
	32.272
	40.7931
	42.902
	57.6909
	59.3082
	65.1793
	65.6787
	68.6478
	98.1689
334 13
	12.5929
	20.2476
	23.7506
	40.3767
	40.4048
	41.5395
	52.096
	57.0749
	62.6262
	75.6991
	88.4953
	93.5842
	95.2022
335 18
	9.77162
	10.4153
	10.6411
	14.664
	25.6244
	33.6374
	34.5786
	35.9347
	36.4224
	37.0888
	37.5802
	42.8397
	52.9691
	55.2478
	56.4925
	64.4883
	77.5984
	77.8776
336 18
	0.548172
	27.0777
	43.7048
	59.0801
	59.6879
	61.6605
	65.1055
	65.168
	65.6605
	67.0922
	68.8906
	72.0361
	77.0364
	79.2103
	79.5904
	81.6695
	81.7053
	86.0564
337 19
	11.7281
	19.9945
	22.0155
	26.7486
	26.9994
	37.2963
	41.1242
	43.9925
	44.0952
	46.1996
	50.7648
	67.5936
	72.1366
	72.2256
	73.076
	73.8337
	74.104
	82.4672
	84.285
338 18
	2.17003
	2.77212
	4.80334
	6.11538
	19.2494
	19.5547
	23.3929
	24.0889
	28.7782
	33.1547
	50.1291
	56.1057
	59.0349
	69.8504
	71.3691
	80.638
	90.5894
	94.1793
339 9
	18.3728
	29.0104
	51.0817
	51.6203
	62.6019
	72.2749
	83.7854
	93.6649
	95.4169
340 12
	23.1219
	30.8224
	42.325
	52.959
	54.5028
	59.331
	61.0469
	62.3869
	63.6408
	70.875
	84.8176
	93.9753
341 6
	0.978963
	7.32291
	8.01518
	27.3103
	69.8684
	71.4393
342 10
	22.0651
	23.8627
	52.2042
	60.9167
	62.4394
	80.2785
	80.5365
	80.7111
	83.5421
	95.411
343 9
	9.60361
	38.0773
	38.8596
	39.1155
	48.2559
	75.859
	75.8658
	92.1499
	92.2559
344 8
	28.824
	36.4039
	36.5364
	41.5509
	74.4376
	75.1681
	77.6638
	95.3288
345 13
	5.98392
	7.41594
	7.80449
	12.0144
	37.2171
	62.8151
	63.9274
	75.6693
	93.003
	93.5841
	95.5131
	95.9299
	96.6358
346 12
	3.58709
	3.84452
	31.3138
	31.4038
	41.8674
	53.2518
	58.6633
	64.1411
	72.3497
	80.4402
	82.9158
	97.9427
347 17
	17.6484
	23.8904
	28.3388
	34.5275
	43.4576
	44.3483
	46.1275
	46.9136
	47.4494
	48.1822
	50.6174
	61.8441
	64.0929
	64.9716
	79.177
	79.4612
	82.1896
348 8
	22.6016
	26.0442
	48.0314
	48.1586
	48.9316
	84.1178
	85.701
	95.9894
349 5
	11.8753
	43.9026
	65.9982
	77.0525
	77.9538
350 12
	25.6352
	28.4548
	32.0742
	32.4215
	35.878
	38.9334
	39.7574
	43.3496
	50.3185
	71.9613
	78.0706
	78.7023
351 21
	16.9872
	17.4748
	21.2807
	36.3376
	39.1778
	40.0863
	49.4708
	53.4872
	53.5952
	57.2486
	71.9162
	72.1983
	72.8434
	84.2585
	89.7026
	90.0587
	90.1101
	90.7737
	91.5385
	95.958
	98.8981
352 27
	0.432625
	2.55585
	2.63286
	9.03299
	15.3164
	17.8515
	18.8877
	21.336
	26.6272
	26.9499
	32.7056
	36.7099
	36.8159
	37.7129
	37.9914
	38.5516
	39.7319
	40.3236
	60.1041
	75.3511
	76.4799
	76.766
	78.8527
	79.3834
	85.1183
	88.972
	91.3594
353 19
	2.59118
	2.82055
	10.4072
	13.1464
	20.0225
	26.2615
	34.3181
	36.9664
	38.925
	38.9672
	49.2798
	51.5347
	53.7736
	55.7916
	58.459
	64.3074
	89.2505
	91.2594
	92.1286
354 12
	9.08014
	10.3445
	11.1221
	15.1678
	17.3099
	41.2918
	46.3785
	49.2645
	52.7704
	68.3087
	74.5927
	87.3276
355 13
	15.134
	17.3329
	28.6095
	33.3485
	40.5132
	46.7311
	46.7422
	48.6544
	52.2142
	52.276
	58.5055
	72.4693
	88.1257
356 14
	3.33406
	18.7845
	29.3794
	29.7117
	34.4981
	35.0358
	64.3695
	64.5394
	64.66
	66.1556
	74.7834
	77.6232
	79.6445
	98.3599
357 16
	12.9164
	17.6054
	17.6083
	28.767
	30.7762
	48.3816
	49.4306
	55.5104
	61.0917
	61.1269
	61.3626
	61.6818
	63.429
	63.4695
	63.5064
	78.2724
358 7
	19.475
	23.3505
	63.737
	66.7961
	80.0224
	94.5748
	99.2632
359 23
	5.33894
	8.8944
	17.1191
	17.1563
	18.4626
	22.386
	29.4922
	33.5712
	38.6307
	39.101
	41.4021
	41.9472
	54.4592
	57.7711
	66.6963
	68.7065
	76.7883
	77.4112
	78.095
	82.418
	82.7188
	96.0861
	99.5753
360 12
	17.7898
	19.7245
	24.3688
	48.0858
	51.5879
	57.2208
	79.715
	81.9427
	88.6225
	95.2001
	95.3104
	95.82
361 16
	26.7038
	33.178
	39.5691
	43.0855
	43.3833
	53.5847
	59.9445
	68.8794
	69.5664
	88.9082
	93.0836
	95.0832
	96.4533
	96.5273
	96.6314
	98.3308
362 16
	1.94118
	2.06289
	3.7154
	4.97028
	10.4268
	19.2027
	33.0726
	48.7054
	53.1845
	61.3901
	61.462
	82.2794
	82.4933
	89.2322
	89.3041
	96.0404
363 9
	1.79209
	6.73974
	11.0373
	11.1676
	15.0176
	33.7532
	35.8088
	35.9456
	39.5077
364 17
	5.84943
	14.6792
	15.7757
	17.0235
	17.6639
	19.3524
	21.9549
	25.1496
	35.6835
	51.5939
	60.75
	62.1206
	76.5103
	80.6452
	82.3865
	85.8816
	90.4322
365 16
	11.299
	14.6949
	22.1598
	22.5617
	27.4232
	27.5466
	28.5067
	36.7314
	38.9163
	59.6643
	64.1907
	83.4461
	83.8544
	84.3122
	96.2208
	96.2883
366 11
	27.7236
	34.2087
	36.5688
	39.637
	53.3402
	57.7457
	58.7531
	66.228
	68.6922
	82.5712
	98.8532
367 28
	3.2149
	9.43988
	13.2293
	13.6832
	20.6747
	21.0212
	21.1275
	21.5821
	22.0827
	22.2816
	25.3515
	33.019
	38.3859
	38.5443
	40.3766
	40.9304
	47.0312
	48.0503
	49.8733
	49.9559
	57.6443
	58.4153
	58.609
	71.8382
	75.7077
	76.268
	88.543
	95.3436
368 20
	2.44047
	4.30342
	5.71079
	8.73969
	16.8495
	17.2018
	19.3255
	22.2883
	23.2875
	33.148
	41.2903
	49.2143
	49.2456
	50.3926
	72.2896
	80.2866
	82.1292
	85.3325
	90.6379
	99.9972
369 12
	4.26348
	13.3639
	13.4415
	14.6228
	17.1424
	17.4011
	21.4132
	38.5265
	70.8733
	81.9547
	85.7997
	86.2319
370 21
	6.72463
	20.5734
	28.7568
	29.4781
	31.7839
	31.9734
	34.1753
	34.2506
	34.718
	35.1419
	35.3899
	37.1452
	38.6747
	54.2266
	64.7299
	70.847
	72.1521
	74.7083
	78.3684
	92.2744
	95.7092
371 29
	4.62278
	5.59033
	5.68952
	7.67096
	10.9666
	12.787
	13.4124
	14.0568
	19.2517
	22.9306
	23.055
	40.7059
	41.4832
	41.4858
	41.9623
	47.4897
	52.1557
	59.4663
	60.7659
	68.4248
	68.4841
	70.2519
	70.9554
	78.2931
	79.1325
	83.1916
	86.0299
	86.3138
	90.2404
372 9
	2.96697
	6.05669
	8.71225
	9.24115
	17.868
	50.3114
	55.2235
	59.1789
	82.526
373 24
	14.4579
	14.5901
	16.5596
	30.1989
	32.1769
	43.092
	46.2047
	49.1038
	49.2991
	49.3518
	49.5621
	49.7365
	50.9065
	51.9997
	56.8604
	57.3884
	60.2985
	62.5835
	69.1609
	69.5398
	72.3783
	84.6032
	87.7701
	94.149
374 21
	7.99406
	8.94569
	8.97733
	12.8104
	13.5936
	14.6235
	15.5947
	30.047
	48.6216
	57.8853
	58.5115
	58.586
	59.2519
	69.0214
	69.5409
	77.955
	87.0619
	87.7288
	89.2393
	97.7357
	99.366
375 16
	6.58285
	9.46766
	14.7809
	16.7156
	18.2462
	18.8503
	38.3075
	41.2047
	42.4982
	63.1469
	66.5132
	74.6158
	76.6317
	86.3806
	87.6355
	91.4561
376 13
	5.89341
	9.00645
	15.4056
	16.7995
	31.7449
	37.4901
	38.5895
	51.4454
	56.3818
	82.3804
	85.3072
	97.6723
	98.843
377 16
	17.5647
	18.4232
	26.8546
	28.0405
	31.0687
	33.8002
	72.9834
	80.7742
	81.6107
	85.107
	85.2018
	86.3402
	88.1373
	88.7854
	88.9594
	89.3816
378 14
	19.5685
	20.7403
	21.5839
	32.9117
	33.1426
	46.1029
	51.0641
	57.8262
	58.1744
	69.6879
	73.3756
	82.0205
	84.8356
	89.4557
379 13
	0.902291
	3.76093
	12.1531
	25.9229
	29.6562
	38.5569
	40.5925
	40.6422
	43.5432
	52.9541
	58.202
	63.6263
	81.5952
380 17
	5.5588
	6.75251
	10.525
	22.0395
	33.8545
	37.086
	42.7132
	43.8945
	52.2846
	52.7639
	52.8539
	68.2292
	72.2136
	74.5216
	79.8255
	81.0008
	91.603
381 13
	9.83754
	12.8187
	39.1802
	39.8816
	45.1391
	49.5603
	51.6013
	54.654
	54.6917
	57.2393
	60.0472
	91.9438
	99.9693
382 10
	35.5147
	40.6634
	47.2249
	64.9203
	79.818
	84.1572
	87.4894
	90.5673
	92.1886
	98.6738
383 11
	3.50705
	5.93703
	21.4825
	32.0402
	43.1481
	43.5774
	44.5729
	70.6854
	71.3465
	79.3649
	82.1899
384 10
	16.0503
	41.4733
	46.6951
	47.1443
	47.6721
	48.3637
	59.1439
	80.4315
	91.6728
	92.8158
385 10
	8.90294
	9.22473
	23.4996
	30.5588
	35.8607
	41.7386
	42.0576
	46.2123
	61.3946
	69.6663
386 16
	3.98223
	7.91838
	20.2022
	20.4326
	30.0904
	30.3776
	30.9627
	43.9676
	44.6772
	52.3633
	52.9116
	56.564
	67.0873
	71.9914
	74.626
	89.1652
387 10
	17.1244
	18.2095
	55.2917
	60.1582
	79.5392
	80.6664
	80.8346
	80.9426
	82.0812
	88.7166
388 8
	8.55228
	27.3655
	27.6032
	27.8814
	31.4576
	55.9021
	75.3793
	79.1961
389 7
	8.22947
	21.3271
	29.2845
	75.6879
	84.9221
	91.1263
	94.59
390 15
	0.229148
	3.0119
	10.8344
	23.7686
	26.7582
	29.9956
	35.7306
	39.4261
	43.9356
	55.2743
	66.4832
	68.8435
	71.3093
	75.6194
	76.538
391 13
	27.6182
	34.9951
	35.0834
	38.3409
	42.2903
	45.6712
	46.6743
	48.5332
	76.5618
	79.0772
	79.2969
	92.9027
	98.6756
392 11
	0.834182
	22.7364
	41.752
	45.1523
	53.4753
	57.6506
	60.7285
	74.4387
	76.7935
	81.9616
	91.9938
393 15
	7.57039
	8.66788
	9.97687
	16.9796
	24.8934
	25.8562
	33.5195
	38.8423
	61.9494
	69.2894
	85.5327
	86.1111
	90.7299
	97.9527
	99.6712
394 14
	0.299139
	11.8896
	12.0169
	18.2457
	35.4683
	49.6441
	49.6997
	55.0459
	67.2159
	79.8151
	80.2686
	82.6883
	84.2089
	88.1654
395 20
	12.432
	16.2828
	24.4295
	25.5838
	33.0372
	33.7008
	37.4476
	44.8838
	60.2484
	68.957
	70.6288
	71.1892
	83.9388
	84.6566
	86.9826
	90.4293
	91.6311
	92.1962
	93.3738
	97.8336
396 13
	35.7391
	40.2531
	52.6435
	74.0894
	74.1691
	77.3954
	81.2784
	82.78
	85.0447
	85.5873
	90.2126
	96.7591
	97.3936
397 11
	29.8684
	34.7968
	47.8332
	50.7931
	53.1364
	63.2272
	73.1047
	86.3476
	87.0505
	89.1938
	91.2027
398 6
	9.7683
	20.2504
	20.6719
	43.0192
	77.0104
	82.2442
399 20
	1.75533
	13.5121
	13.5583
	22.7398
	25.7165
	28.9896
	42.6521
	44.7435
	45.0177
	56.6222
	67.038
	67.4914
	67.6492
	68.4261
	70.6517
	77.4823
	85.1065
	87.1132
	87.3215
	89.0775
400 11
	28.6293
	34.4583
	49.8463
	54.9535
	58.6462
	63.1851
	76.4908
	76.5334
	76.9257
	77.3134
	84.6629
401 9
	6.49157
	9.27326
	22.8533
	31.0004
	45.1944
	54.0384
	72.8273
	75.7394
	89.3602
402 19
	6.44775
	8.03574
	14.7585
	23.7681
	37.2165
	38.5182
	43.2436
	46.8917
	51.3809
	52.4275
	53.4738
	68.0125
	71.5302
	78.2052
	78.7121
	81.0688
	85.2653
	88.8148
	95.5792
403 16
	3.8772
	8.98898
	9.47151
	14.2997
	50.6533
	52.5297
	57.3611
	63.2558
	64.9162
	65.1942
	65.3718
	72.3265
	72.4235
	72.4792
	93.6049
	97.517
404 17
	5.41127
	18.6304
	33.3552
	44.134
	44.2805
	48.175
	49.485
	58.2245
	67.4304
	70.5652
	73.273
	73.8254
	75.3016
	78.9324
	84.1297
	84.4384
	86.3282
405 15
	0.15177
	3.06944
	13.1853
	19.4247
	39.7428
	45.1171
	50.7846
	56.0421
	60.4621
	71.1671
	79.753
	83.5801
	95.2939
	96.5487
	99.2084
406 8
	0.970805
	19.7388
	28.6118
	31.7621
	32.7422
	51.6319
	85.7505
	98.6334
407 13
	8.72079
	28.8699
	32.0841
	33.872
	45.5834
	59.2151
	63.3739
	71.2453
	78.2486
	83.635
	88.9809
	92.3779
	96.3246
408 21
	1.27457
	2.1061
	5.51996
	10.9602
	30.5311
	46.9804
	47.9122
	50.9749
	51.5007
	52.7135
	57.266
	58.9866
	59.9705
	60.1231
	71.9748
	72.6251
	79.5369
	81.4383
	81.5044
	81.9898
	97.712
409 17
	0.187344
	1.63239
	12.939
	30.6075
	32.6069
	36.2439
	38.636
	46.117
	53.4152
	63.3638
	67.1865
	67.757
	68.893
	72.457
	79.3343
	90.376
	90.9362
410 9
	28.1082
	31.3358
	31.4693
	35.213
	39.4338
	53.5358
	75.1075
	92.3749
	97.4431
411 23
	2.8561
	3.35133
	3.76266
	6.30832
	10.5919
	11.0837
	22.7923
	25.9569
	27.1942
	27.6894
	30.489
	41.1868
	41.3593
	43.7959
	56.2446
	58.0291
	63.6874
	65.8042
	69.0817
	74.2665
	78.2281
	83.8032
	90.0294
412 13
	2.82142
	3.70133
	7.89796
	18.1366
	34.1469
	34.7478
	35.1731
	61.6883
	73.6631
	83.1133
	84.3897
	99.2386
	99.2844
413 15
	14.475
	15.3582
	17.7763
	18.1348
	19.1471
	30.6927
	33.5119
	42.5608
	53.7019
	59.1278
	63.7401
	66.657
	75.6108
	76.1997
	99.571
414 7
	14.0646
	27.8214
	41.9434
	49.0986
	52.4483
	66.609
	93.4288
415 16
	23.158
	38.1659
	43.0723
	47.4996
	64.6848
	65.5275
	65.668
	74.637
	75.3954
	75.8145
	81.4921
	84.2659
	85.1881
	86.0296
	91.1623
	98.9558
416 17
	3.13777
	5.6811
	7.14858
	18.6826
	19.7279
	20.8043
	34.3126
	56.7512
	57.5099
	60.3127
	66.1431
	70.265
	70.8521
	76.9441
	77.8436
	93.4342
	94.1857
417 14
	5.4654
	10.1068
	21.0443
	33.3771
	39.3537
	46.8731
	58.4706
	59.9562
	62.6061
	63.1087
	63.2178
	78.0075
	81.9639
	86.411
418 16
	1.16009
	19.5488
	21.1714
	22.0306
	26.0826
	32.3036
	44.9692
	47.0325
	47.459
	51.427
	53.6326
	61.1487
	68.1233
	72.0024
	85.3414
	91.0109
419 16
	2.59572
	4.06246
	12.4608
	13.6854
	23.2368
	26.5024
	43.1148
	51.6303
	65.9287
	74.4613
	77.2839
	77.4685
	86.3457
	91.3712
	98.2733
	99.7103
420 17
	1.41261
	1.81713
	2.20931
	17.8482
	18.8574
	19.7998
	23.4502
	26.5608
	33.6477
	38.4191
	39.3347
	40.0817
	40.6118
	68.8483
	70.1868
	88.7319
	94.6946
421 19
	1.27829
	21.8414
	28.1031
	33.4871
	36.3579
	43.1472
	45.3807
	45.6238
	52.2935
	57.4479
	60.4493
	61.335
	65.9655
	72.4427
	73.3105
	75.163
	84.5858
	85.3288
	94.354
422 9
	11.2112
	11.6782
	26.055
	26.6932
	55.3374
	68.0516
	71.0604
	76.4735
	99.33
423 6
	0.657472
	3.18019
	21.2463
	72.3022
	85.1497
	96.1797
424 17
	8.3302
	11.736
	33.2012
	35.6624
	38.313
	40.06
	47.1955
	54.1036
	54.8329
	68.3544
	69.0521
	71.5556
	71.7343
	71.8414
	73.8321
	75.5679
	88.3632
425 19
	10.3285
	11.6485
	12.4876
	16.6005
	20.4337
	26.2554
	36.3065
	37.5616
	55.036
	57.7678
	59.5427
	64.4183
	66.5102
	66.5574
	70.808
	75.0829
	87.4117
	88.6474
	99.617
426 14
	0.571107
	12.7651
	18.7068
	30.373
	37.7229
	39.7857
	43.3015
	48.8046
	59.1782
	60.7865
	63.7362
	87.0292
	91.5031
	92.5591
427 12
	4.29648
	13.7003
	19.5723
	31.6188
	40.2462
	57.5057
	59.6398
	75.1554
	77.5912
	88.9187
	94.9698
	99.569
428 18
	3.12964
	16.674
	16.7217
	17.437
	18.0653
	30.9997
	36.472
	45.4542
	45.5916
	49.0878
	51.4093
	51.4959
	52.1705
	71.2405
	71.8785
	74.0164
	77.2868
	87.5916
429 8
	13.576
	28.5351
	28.6285
	51.2631
	55.0271
	74.4554
	90.8
	98.6424
430 11
	12.5241
	37.4295
	43.8056
	44.248
	52.2164
	53.4999
	54.0825
	65.7664
	84.0619
	90.8133
	93.6447
431 12
	3.62034
	7.18736
	7.87053
	36.8137
	38.3219
	51.2561
	59.0625
	65.9437
	85.2689
	86.8566
	88.4352
	98.5298
432 12
	0.940488
	4.54777
	5.28502
	15.4702
	30.7305
	31.3732
	56.8171
	65.3735
	71.8264
	92.5478
	94.4446
	94.9821
433 15
	4.3554
	10.7098
	24.8165
	26.0185
	35.6195
	36.4399
	41.0962
	41.675
	44.2772
	44.3779
	49.2665
	63.8104
	81.1152
	82.1744
	82.2482
434 12
	0.499302
	3.97998
	8.01332
	15.5647
	20.661
	27.729
	30.9275
	36.2821
	40.3997
	46.6805
	63.3138
	86.6547
435 17
	2.00529
	3.79113
	3.79584
	6.46189
	22.8879
	27.759
	34.9748
	43.9341
	51.5915
	52.7683
	60.2965
	64.5625
	70.1063
	78.5388
	78.853
	85.317
	94.3933
436 13
	3.68041
	4.00453
	4.3416
	15.8765
	21.1012
	22.9318
	23.5588
	24.2049
	39.3443
	43.8074
	46.3499
	82.0563
	90.5241
437 15
	2.31853
	3.45004
	13.7977
	14.3727
	40.3185
	49.6475
	50.7521
	54.4099
	61.9238
	63.8059
	64.384
	64.574
	72.2505
	74.9794
	90.962
438 13
	8.63594
	10.0002
	14.7665
	24.8978
	34.3996
	34.7377
	49.9816
	55.0308
	65.0315
	65.4433
	69.1119
	69.2357
	89.1085
439 10
	1.87611
	17.8935
	34.5233
	41.5811
	45.419
	60.5207
	65.1211
	67.5052
	78.291
	80.2688
440 11
	5.20908
	21.5029
	22.095
	26.9692
	36.3486
	38.2752
	44.5356
	61.3389
	65.5687
	76.6897
	87.1321
441 13
	9.4364
	14.9531
	19.1121
	19.7857
	42.4328
	43.6542
	43.7195
	44.0413
	53.9239
	67.4558
	72.1833
	85.7825
	92.3056
442 17
	0.0482066
	1.7606
	2.13111
	17.9061
	35.4942
	42.6002
	44.9853
	45.0006
	49.2426
	68.3485
	70.0738
	73.8788
	79.1264
	92.0462
	93.8244
	99.0084
	99.9944
443 17
	3.23942
	9.32456
	23.4368
	25.9963
	28.4714
	46.4897
	56.8551
	61.8567
	64.8407
	71.1846
	72.9942
	75.6714
	80.191
	91.7945
	91.9847
	92.678
	99.1646
444 12
	2.84723
	11.4841
	14.675
	16.3207
	21.4457
	22.458
	31.1171
	35.4219
	46.4235
	63.4213
	78.6591
	95.3074
445 8
	14.7127
	28.0973
	41.2261
	41.6236
	48.0872
	48.1311
	68.6706
	95.6893
446 21
	0.382979
	1.22465
	1.3756
	1.82253
	12.3909
	28.7026
	49.4423
	50.3893
	52.9766
	61.4934
	67.6762
	68.9951
	69.9494
	71.0009
	71.7667
	73.338
	75.4184
	75.6528
	90.0699
	94.5843
	99.5046
447 14
	17.0361
	21.2828
	30.9124
	39.7071
	47.8388
	51.3179
	56.2979
	58.5932
	58.6463
	62.9604
	65.556
	67.2154
	76.1283
	92.0754
448 12
	6.505
	6.83285
	23.9456
	26.6167
	27.8321
	38.0407
	53.6123
	53.9275
	54.5871
	80.8954
	81.2643
	93.9221
449 15
	1.08593
	3.89005
	13.4716
	13.657
	15.8589
	15.8692
	33.7167
	48.6133
	51.8936
	57.1574
	59.432
	71.3603
	74.6246
	87.7075
	98.2391
450 12
	0.550688
	2.40596
	12.9248
	14.2609
	16.001
	16.3521
	43.2386
	50.91
	61.3634
	77.864
	86.1365
	86.4206
451 13
	0.492672
	17.5459
	25.2676
	32.6195
	34.7157
	36.1005
	44.4461
	44.8115
	54.9874
	66.643
	71.4762
	95.7913
	96.2029
452 14
	10.8493
	11.022
	18.3627
	34.0182
	46.5258
	67.7839
	71.9139
	74.2664
	75.1148
	75.9595
	78.0043
	80.726
	91.0494
	96.4219
453 12
	0.847451
	2.68688
	15.5448
	31.1537
	58.6526
	59.7873
	62.6733
	64.3009
	69.6978
	79.5743
	80.4217
	82.7132
454 17
	5.85314
	13.2423
	13.3737
	18.849
	18.9238
	23.6192
	43.42
	53.4039
	54.5123
	68.2756
	71.9556
	72.1031
	72.272
	84.2356
	85.3908
	85.4814
	91.9443
455 8
	5.24137
	11.9009
	12.2384
	27.5126
	78.6838
	78.7726
	84.127
	91.8911
456 13
	8.55748
	16.3079
	24.9281
	49.8345
	57.9591
	59.5707
	64.3162
	70.7554
	76.3664
	77.3945
	80.4143
	80.5815
	94.598
457 19
	1.70909
	8.65647
	11.254
	21.0627
	22.7512
	23.5946
	31.031
	34.9857
	37.447
	45.1442
	50.8385
	58.3616
	61.6173
	63.8338
	71.7304
	72.0564
	88.6639
	90.9816
	92.4674
458 9
	3.00708
	8.95752
	13.2158
	18.1808
	48.8043
	60.265
	74.2773
	80.2858
	97.9211
459 17
	1.69559
	2.64056
	5.75575
	8.15344
	14.3624
	25.7484
	32.3128
	36.9995
	37.303
	53.2957
	62.7387
	65.099
	85.0872
	91.7547
	92.8615
	96.963
	98.5382
460 10
	5.95072
	24.9223
	43.1399
	43.8884
	55.2515
	75.842
	80.0923
	82.4231
	86.355
	91.3971
461 9
	9.31183
	50.9568
	51.0096
	51.8136
	62.6104
	71.8408
	76.8683
	78.2759
	89.4868
462 10
	3.19966
	3.44842
	4.42039
	35.2206
	71.6768
	88.6885
	90.3026
	93.0143
	95.2092
	97.4614
463 8
	3.71566
	6.27352
	13.229
	14.011
	14.511
	27.4636
	39.6792
	63.3
464 8
	22.1007
	37.1857
	41.3043
	60.2883
	66.1897
	75.1672
	76.6696
	77.7105
465 10
	1.48886
	9.41563
	24.0683
	34.552
	40.441
	63.1001
	74.4623
	79.1143
	83.4654
	96.0034
466 13
	8.13246
	10.8595
	15.5884
	37.8454
	38.5867
	43.0487
	43.4865
	55.3547
	58.5763
	66.64
	68.9932
	74.7793
	96.1386
467 11
	15.2176
	23.6936
	35.6467
	39.3328
	42.5415
	42.7123
	50.2599
	56.3152
	67.9148
	81.9788
	97.8202
468 12
	0.81399
	4.28902
	15.724
	23.9881
	29.7201
	55.5331
	57.4867
	58.8426
	80.2227
	83.3883
	84.5295
	99.2403
469 11
	9.2375
	12.6723
	14.5295
	19.2375
	30.1604
	38.6394
	63.0725
	67.2752
	70.0241
	97.6481
	99.3983
470 16
	3.25795
	3.94786
	4.21253
	4.28534
	19.2429
	23.6026
	37.445
	37.7405
	63.8474
	69.1039
	72.1521
	90.184
	90.4117
	94.513
	94.8131
	96.3004
471 9
	25.4831
	29.4891
	38.9978
	57.6703
	61.4559
	62.4912
	86.3101
	92.319
	99.9659
472 17
	1.4468
	3.04943
	9.8999
	17.0685
	17.1247
	17.3623
	32.5945
	34.8646
	36.8554
	41.997
	45.302
	53.2289
	54.8488
	63.7592
	65.3169
	77.7536
	86.0806
473 9
	1.05026
	3.1252
	3.58567
	6.26466
	11.7978
	14.6373
	45.025
	81.1093
	92.3227
474 5
	18.3115
	37.9892
	53.2737
	60.9747
	85.8287
475 15
	4.71288
	9.23781
	14.4244
	17.7289
	23.2822
	36.3876
	37.6807
	50.3763
	54.6646
	58.1935
	59.8998
	62.1202
	67.4136
	83.8554
	97.8777
476 11
	9.91477
	17.9685
	26.6898
	41.0543
	43.2348
	51.2793
	54.1214
	68.94
	80.685
	86.4945
	94.0494
477 6
	9.55151
	12.8905
	18.5083
	60.7645
	74.6103
	86.3972
478 13
	1.40557
	4.28082
	10.6042
	34.7617
	43.3146
	46.4327
	46.5103
	49.6673
	50.2352
	55.7317
	65.1222
	77.6942
	82.0955
479 8
	0.925242
	22.3441
	42.6054
	69.5688
	73.0974
	74.563
	86.0417
	95.7497
480 10
	2.2325
	5.17035
	15.508
	42.0525
	58.8477
	61.8289
	66.3174
	67.6508
	70.5131
	72.938
481 10
	2.67497
	28.9398
	30.9516
	33.5403
	38.4824
	45.9543
	58.3953
	60.302
	73.3897
	98.615
482 9
	25.0813
	31.7463
	54.2514
	62.5977
	63.6204
	64.4254
	67.4936
	90.4176
	92.1297
483 11
	2.9599
	4.91627
	13.3615
	15.7234
	18.3159
	40.0615
	42.5929
	74.5083
	77.1952
	81.2648
	98.0796
484 27
	10.0382
	11.7969
	18.4974
	19.5986
	20.5536
	22.2395
	23.4049
	27.488
	28.611
	36.0401
	43.5153
	44.7242
	45.7558
	48.4462
	53.28
	55.5966
	56.618
	56.6314
	61.4934
	69.5583
	71.3408
	71.6166
	74.1532
	75.3319
	88.7346
	93.1063
	98.648
485 9
	0.617143
	9.41899
	24.0724
	27.9031
	34.0036
	34.0392
	39.9261
	43.1164
	67.9813
486 14
	0.537954
	3.09973
	17.8362
	33.4608
	47.9234
	51.5515
	52.5791
	56.3558
	59.1066
	59.2721
	62.9769
	64.1514
	79.0514
	88.8674
487 6
	8.25421
	15.3601
	39.3006
	59.2734
	59.4584
	99.5404
488 8
	8.51451
	26.6998
	36.0944
	64.5673
	68.1713
	72.5493
	74.6748
	75.4312
489 12
	2.37569
	6.11342
	12.2957
	17.521
	26.542
	29.5047
	30.4574
	36.4343
	40.9899
	50.1579
	57.8102
	96.1416
490 13
	4.57497
	26.2369
	31.1356
	36.046
	38.2256
	47.4884
	50.9291
	56.9702
	58.5825
	61.5602
	80.6996
	93.832
	97.6059
491 9
	11.1953
	18.5977
	19.4748
	36.6829
	43.7686
	51.3748
	59.5899
	64.0627
	85.4411
492 12
	14.6634
	20.8392
	21.3087
	34.2078
	34.2431
	34.9315
	35.5405
	62.951
	79.618
	90.3924
	92.5461
	99.7917
493 13
	7.4823
	11.0725
	25.1866
	28.918
	35.0867
	38.8528
	45.1782
	46.5087
	47.2867
	52.7553
	59.0122
	61.6585
	63.9016
494 5
	2.12492
	10.2144
	11.6487
	54.2595
	71.6092
495 8
	42.7297
	46.3557
	50.1025
	70.8164
	85.934
	92.6971
	95.4539
	99.462
496 17
	2.98666
	4.17961
	24.2679
	34.352
	41.1035
	42.0763
	46.2885
	50.7332
	58.1243
	61.0788
	61.6359
	70.8539
	77.4548
	84.6572
	94.2906
	95.5938
	98.8438
497 7
	17.6373
	34.6006
	34.8763
	37.3599
	61.0225
	68.4632
	75.9882
498 13
	6.58728
	23.6975
	27.8716
	32.9118
	35.6183
	42.8302
	46.661
	62.47
	63.9201
	82.8699
	85.1923
	89.5852
	96.1197
499 15
	0.0559111
	0.690433
	20.982
	26.2746
	50.2628
	57.619
	62.88
	67.1395
	72.5044
	81.3737
	82.4386
	89.0268
	90.4751
	97.4496
	99.2302
