10
0 2
	1.21235
	5.82336
1 1
	1.21012
2 1
	8.26068
3 5
	6.47879
	7.13992
	7.84826
	8.2974
	9.89568
4 1
	9.32821
5 0
6 2
	6.74088
	7.08736
7 0
8 0
9 1
	5.40602
10 2
	7.70518
	8.11911
11 1
	8.67153
12 2
	7.86256
	8.19835
13 1
	9.77482
14 3
	2.18556
	8.98946
	9.94956
15 0
16 2
	6.65823
	6.93866
17 5
	8.40215
	8.55218
	8.5888
	8.69566
	9.66819
18 7
	6.7558
	7.38788
	7.53497
	7.74413
	8.08169
	8.67573
	9.08094
19 0
20 3
	5.90723
	8.76885
	9.71163
21 3
	8.02559
	8.8128
	9.9565
22 1
	9.03152
23 2
	4.96661
	6.22245
24 0
25 0
26 4
	1.66564
	2.06955
	2.1815
	8.40426
27 3
	9.20956
	9.29785
	9.80111
28 5
	1.12284
	1.29923
	7.57082
	8.18877
	9.07069
29 2
	9.55791
	9.97719
30 4
	3.59647
	4.28368
	4.45768
	8.68513
31 0
32 1
	3.8838
33 0
34 2
	4.21341
	6.46971
35 1
	6.58233
36 3
	1.23505
	2.92598
	2.97034
37 4
	0.942662
	3.82548
	5.1602
	8.58348
38 0
39 0
40 5
	7.18598
	7.21931
	7.62203
	7.71208
	8.11092
41 0
42 0
43 0
44 2
	6.79385
	7.06642
45 0
46 2
	7.2836
	8.4291
47 2
	1.13313
	8.22272
48 1
	9.93074
49 2
	4.23035
	4.4891
50 2
	9.35216
	9.69315
51 0
52 1
	4.32178
53 2
	3.71849
	5.3979
54 3
	0.17407
	9.32196
	9.52656
55 0
56 7
	8.13865
	8.49636
	8.50761
	8.59676
	8.70898
	9.29989
	9.683
57 1
	7.34691
58 0
59 1
	0.652107
60 3
	7.10453
	9.075
	9.64807
61 2
	5.1022
	9.60936
62 2
	5.2089
	8.21071
63 2
	0.896838
	9.23698
64 3
	7.01383
	9.09972
	9.69169
65 0
66 3
	0.568985
	8.86967
	9.69277
67 3
	5.56509
	9.13719
	9.29148
68 0
69 3
	6.75771
	7.53242
	7.85984
70 2
	3.20644
	7.793
71 1
	8.61445
72 4
	5.45466
	8.63467
	8.81687
	9.43984
73 0
74 1
	5.52001
75 1
	7.23853
76 2
	3.60343
	4.689
77 0
78 3
	5.7588
	8.03063
	9.24187
79 5
	0.738316
	6.66731
	8.00064
	8.17445
	8.27733
80 2
	7.59876
	9.6657
81 3
	6.00857
	6.10334
	6.20758
82 4
	6.57631
	9.23828
	9.66243
	9.6786
83 2
	2.78256
	9.83654
84 1
	5.30012
85 2
	9.44289
	9.79395
86 4
	5.44894
	8.55885
	9.22591
	9.52109
87 11
	7.17852
	7.23018
	8.59183
	9.24548
	9.33411
	9.53026
	9.73632
	9.8567
	9.9616
	9.96921
	9.97884
88 2
	8.86638
	9.95324
89 3
	3.17879
	4.81448
	6.13939
90 8
	4.79804
	6.17071
	8.63155
	9.00335
	9.10918
	9.24075
	9.77083
	9.94498
91 1
	6.40715
92 16
	0.295877
	3.11446
	3.44292
	4.35835
	4.40217
	6.5954
	6.6109
	7.08865
	7.43418
	7.44239
	7.62774
	7.7429
	8.20029
	9.52109
	9.66876
	9.76182
93 11
	5.26948
	6.36955
	6.64837
	6.97878
	7.29217
	7.62514
	7.62899
	7.74538
	7.95751
	9.80471
	9.82542
94 8
	1.37206
	6.41991
	8.40424
	9.16703
	9.6066
	9.73239
	9.9107
	9.94152
95 7
	2.1721
	5.59889
	7.65451
	8.36368
	8.42708
	9.15279
	9.1744
96 2
	9.40282
	9.88169
97 8
	0.47644
	3.99822
	5.62685
	6.24272
	7.10138
	8.42434
	9.42738
	9.53148
98 10
	1.7154
	6.83375
	6.83629
	8.06588
	8.22862
	8.35429
	8.35599
	9.20153
	9.79254
	9.85637
99 13
	5.42621
	6.54907
	7.74958
	7.81301
	8.10398
	8.1777
	8.49295
	8.54131
	8.93497
	9.34257
	9.39912
	9.76039
	9.96776
