10
0 1
	2.86774
1 0
2 2
	6.63603
	7.6547
3 1
	8.19141
4 0
5 0
6 0
7 1
	5.97196
8 0
9 1
	7.65182
10 1
	5.35398
11 0
12 0
13 1
	3.5166
14 0
15 0
16 0
17 0
18 0
19 1
	3.42739
20 0
21 0
22 0
23 0
24 0
25 2
	2.94018
	5.44967
26 0
27 0
28 0
29 2
	9.259
	9.49921
30 0
31 1
	4.38835
32 1
	1.41841
33 2
	6.24655
	7.20635
34 1
	5.1849
35 1
	9.21613
36 0
37 0
38 0
39 0
40 1
	9.07139
41 0
42 0
43 1
	6.68399
44 0
45 1
	3.07358
46 1
	4.99266
47 0
48 0
49 3
	4.76489
	8.73664
	9.14526
50 1
	3.07458
51 1
	7.48317
52 0
53 2
	4.62994
	7.56431
54 0
55 1
	5.34176
56 0
57 0
58 3
	1.71992
	6.83475
	8.84018
59 0
60 2
	5.25517
	8.49016
61 4
	6.35715
	6.98355
	8.81545
	9.78099
62 0
63 0
64 0
65 1
	7.41498
66 0
67 2
	0.672241
	5.08751
68 1
	8.09802
69 0
70 1
	6.81419
71 0
72 2
	0.493788
	6.6696
73 0
74 3
	1.87798
	2.08323
	6.37839
75 1
	3.4938
76 1
	6.36445
77 0
78 0
79 0
80 1
	1.38932
81 0
82 1
	5.69357
83 1
	8.75132
84 0
85 0
86 0
87 3
	1.57839
	2.48115
	2.54664
88 2
	3.28409
	8.60099
89 1
	8.49296
90 2
	8.76713
	9.70271
91 0
92 1
	0.609238
93 0
94 0
95 1
	2.95517
96 0
97 0
98 0
99 0
100 0
101 0
102 2
	5.74168
	5.93701
103 0
104 1
	2.99112
105 0
106 0
107 2
	3.92409
	9.13195
108 0
109 2
	9.31736
	9.69642
110 0
111 0
112 3
	1.37707
	2.11995
	2.30111
113 1
	4.98852
114 0
115 0
116 0
117 0
118 0
119 0
120 1
	7.73215
121 0
122 0
123 0
124 1
	6.41007
125 0
126 0
127 2
	0.499087
	7.25379
128 0
129 2
	5.04385
	7.71559
130 1
	3.37807
131 0
132 0
133 2
	0.908641
	1.81424
134 0
135 0
136 2
	2.78471
	5.0836
137 0
138 1
	4.13822
139 0
140 1
	8.60441
141 0
142 0
143 0
144 3
	6.14851
	7.02633
	7.35437
145 0
146 3
	5.01409
	6.90332
	7.57809
147 1
	0.494076
148 1
	8.09189
149 2
	5.99429
	6.53565
150 0
151 0
152 1
	9.32541
153 1
	0.12509
154 0
155 0
156 1
	5.97268
157 0
158 1
	8.65833
159 1
	1.93725
160 0
161 0
162 0
163 0
164 2
	1.11725
	6.59358
165 2
	0.433067
	6.48137
166 1
	5.88296
167 0
168 0
169 1
	8.59674
170 0
171 2
	7.20906
	8.44044
172 0
173 0
174 0
175 0
176 1
	2.83647
177 0
178 0
179 1
	1.64517
180 1
	7.23188
181 0
182 0
183 0
184 2
	5.52316
	6.97778
185 0
186 1
	8.66635
187 2
	4.06461
	4.5858
188 0
189 1
	4.43283
190 5
	0.771555
	2.43147
	2.64642
	3.46367
	5.35275
191 1
	1.78494
192 0
193 0
194 1
	3.77418
195 0
196 1
	6.41584
197 0
198 0
199 3
	0.881244
	4.27426
	7.77579
200 0
201 1
	5.20852
202 1
	2.65123
203 0
204 4
	4.3992
	6.80578
	6.85112
	8.48058
205 0
206 0
207 1
	6.67556
208 0
209 1
	1.69233
210 0
211 0
212 0
213 0
214 0
215 1
	1.17122
216 0
217 2
	8.15194
	8.68891
218 1
	9.22209
219 6
	3.77417
	4.97245
	6.284
	6.83271
	7.4911
	8.19106
220 0
221 0
222 0
223 2
	8.463
	9.0229
224 0
225 1
	8.50653
226 1
	9.87995
227 2
	3.81154
	8.96223
228 1
	3.26189
229 1
	6.46437
230 0
231 0
232 0
233 0
234 0
235 0
236 0
237 0
238 1
	3.44481
239 1
	3.02613
240 0
241 1
	7.13852
242 0
243 1
	1.71859
244 2
	0.067906
	9.63362
245 4
	1.57996
	3.90049
	5.18824
	7.55852
246 1
	9.97378
247 2
	2.66598
	8.63673
248 0
249 0
250 2
	7.45835
	9.95371
251 0
252 0
253 0
254 0
255 2
	1.19279
	1.86203
256 1
	4.99323
257 2
	4.23589
	9.85301
258 1
	8.39459
259 1
	6.00249
260 0
261 1
	4.66371
262 0
263 1
	8.39177
264 1
	9.71563
265 1
	8.28154
266 0
267 2
	0.376613
	1.85018
268 2
	1.18089
	4.14324
269 2
	1.1064
	5.10546
270 0
271 0
272 0
273 2
	8.66171
	8.9929
274 1
	3.16456
275 3
	0.313944
	4.04509
	7.31419
276 1
	2.99861
277 0
278 1
	0.0133394
279 0
280 0
281 0
282 0
283 1
	7.47674
284 1
	4.69719
285 0
286 0
287 1
	4.46698
288 0
289 2
	7.57279
	7.64957
290 0
291 0
292 0
293 0
294 0
295 0
296 0
297 3
	6.63475
	7.27436
	7.67099
298 0
299 0
300 2
	8.18868
	8.4758
301 3
	1.77423
	3.15504
	3.89652
302 0
303 1
	8.12595
304 1
	1.52926
305 0
306 1
	3.3151
307 1
	1.34279
308 0
309 1
	0.0779436
310 1
	7.00332
311 1
	8.29923
312 0
313 2
	2.4525
	7.46935
314 1
	9.57455
315 0
316 0
317 0
318 1
	4.8756
319 2
	7.16702
	8.07814
320 0
321 1
	6.0661
322 1
	9.32551
323 0
324 0
325 1
	6.60194
326 0
327 0
328 0
329 0
330 0
331 0
332 0
333 0
334 1
	1.27799
335 1
	6.46411
336 1
	0.645076
337 6
	1.6847
	7.07145
	8.59783
	9.06925
	9.40384
	9.76001
338 3
	1.44686
	7.37189
	7.49894
339 2
	0.392832
	7.77195
340 0
341 3
	1.39249
	6.99298
	9.1067
342 1
	7.34606
343 2
	3.55112
	6.32133
344 1
	4.83374
345 2
	2.32051
	7.26146
346 0
347 0
348 0
349 4
	6.45995
	8.04007
	8.62605
	9.09044
350 2
	0.602309
	4.66627
351 0
352 0
353 0
354 4
	1.82608
	1.83011
	2.30855
	9.91073
355 0
356 1
	0.318289
357 1
	4.87693
358 0
359 0
360 5
	1.1765
	3.46824
	6.79598
	8.18867
	9.41553
361 1
	7.3807
362 1
	6.58619
363 0
364 3
	0.821339
	1.76756
	5.98334
365 0
366 1
	6.28672
367 2
	1.10151
	2.03828
368 2
	2.81024
	5.10486
369 0
370 0
371 2
	7.23643
	8.59723
372 0
373 0
374 0
375 0
376 1
	0.244662
377 2
	5.64226
	9.71932
378 1
	8.83148
379 1
	7.81379
380 0
381 0
382 1
	8.11399
383 1
	8.83472
384 1
	8.545
385 0
386 1
	7.10251
387 1
	8.68991
388 0
389 2
	7.36796
	9.54333
390 1
	9.25118
391 2
	6.89516
	8.10974
392 0
393 1
	6.70485
394 0
395 0
396 1
	7.30783
397 0
398 0
399 0
400 0
401 0
402 0
403 0
404 2
	7.61392
	8.08465
405 0
406 0
407 0
408 1
	6.15142
409 1
	8.06005
410 1
	3.64018
411 0
412 1
	8.77019
413 3
	4.90701
	6.39494
	8.07911
414 0
415 2
	4.79783
	9.52436
416 1
	7.52213
417 0
418 1
	3.7078
419 1
	8.27914
420 1
	9.20708
421 0
422 1
	6.03457
423 6
	0.436905
	0.859161
	1.59277
	1.78519
	1.99706
	2.10086
424 1
	1.8304
425 2
	5.81489
	7.06649
426 3
	3.62956
	3.89674
	7.99756
427 2
	5.8402
	9.48715
428 0
429 0
430 0
431 3
	5.36805
	8.48276
	9.73559
432 1
	0.943747
433 1
	7.2248
434 0
435 0
436 0
437 0
438 1
	4.54944
439 5
	1.25637
	2.64816
	2.87684
	4.73481
	7.40078
440 1
	6.62317
441 4
	0.275278
	7.44355
	8.66505
	8.89014
442 2
	0.196111
	2.02284
443 1
	7.58883
444 0
445 1
	4.43804
446 3
	0.0400307
	8.11053
	9.19516
447 3
	0.888981
	6.29434
	9.88694
448 7
	4.69323
	6.51163
	6.59519
	7.43536
	7.62074
	7.75992
	8.60341
449 2
	8.48743
	9.97755
450 0
451 0
452 1
	1.23721
453 0
454 0
455 3
	6.82772
	6.87846
	7.66304
456 0
457 3
	0.458952
	6.98616
	8.93492
458 3
	3.95307
	5.5993
	9.33158
459 3
	4.34994
	6.88429
	8.45077
460 2
	7.20777
	8.77776
461 1
	9.95554
462 2
	2.78371
	7.92838
463 1
	9.14561
464 1
	4.94146
465 5
	2.4975
	7.80106
	7.82382
	8.21926
	9.90447
466 1
	5.88363
467 1
	0.50026
468 3
	6.9308
	7.68593
	7.94884
469 5
	3.6132
	4.28129
	6.84414
	8.00331
	8.80435
470 1
	5.28117
471 5
	5.90544
	7.20951
	7.27562
	8.17885
	9.78725
472 3
	1.67155
	8.70997
	9.97754
473 2
	8.6524
	9.45749
474 2
	5.2755
	9.84061
475 0
476 3
	2.3973
	4.53529
	8.25512
477 0
478 5
	7.40837
	8.65103
	8.78766
	8.82971
	9.32021
479 1
	7.74544
480 1
	7.06421
481 1
	8.3976
482 0
483 3
	3.85295
	7.57592
	7.89535
484 2
	7.06737
	7.27035
485 2
	5.55895
	7.80736
486 1
	5.913
487 3
	7.46124
	8.16217
	9.55048
488 4
	0.402025
	9.19594
	9.56908
	9.79303
489 0
490 2
	4.09081
	7.95072
491 5
	2.27537
	6.40999
	6.74432
	7.52647
	9.17298
492 2
	5.15104
	5.66655
493 5
	5.30036
	6.33017
	6.65684
	8.44463
	9.85415
494 8
	0.459323
	0.963468
	1.20676
	6.11
	6.56768
	7.3989
	9.50346
	9.90024
495 2
	4.18525
	7.41408
496 3
	1.75299
	4.26925
	7.96227
497 4
	6.33611
	6.48945
	7.19583
	8.50259
498 5
	6.58552
	6.81881
	7.71439
	8.00898
	8.42224
499 5
	6.39819
	6.86887
	7.44711
	7.78725
	8.38213
