10
0 0
1 0
2 0
3 0
4 3
	7.82882
	7.91227
	8.03114
5 0
6 0
7 0
8 2
	2.57416
	6.91323
9 6
	3.18792
	5.10935
	5.84819
	9.31289
	9.61762
	9.88499
10 5
	6.43344
	6.79633
	6.86705
	8.56932
	9.71491
11 2
	6.91085
	8.65787
12 0
13 0
14 1
	6.92174
15 0
16 2
	6.07398
	9.27444
17 0
18 0
19 0
20 0
21 2
	2.96715
	8.87897
22 0
23 1
	5.53149
24 1
	8.78141
25 0
26 0
27 0
28 2
	2.39737
	2.99103
29 0
30 3
	1.0354
	1.89657
	8.60643
31 0
32 3
	0.808625
	5.92459
	9.68797
33 0
34 0
35 0
36 2
	3.72207
	9.1858
37 0
38 0
39 0
40 2
	1.93796
	7.6712
41 0
42 5
	3.44678
	4.70095
	6.6322
	8.53827
	9.76238
43 1
	4.57811
44 0
45 1
	4.85611
46 5
	1.24265
	1.29197
	2.79376
	7.72708
	9.55651
47 1
	8.80794
48 1
	5.84207
49 1
	8.80597
50 1
	0.752453
51 0
52 1
	6.04964
53 1
	8.00738
54 0
55 2
	0.189175
	9.31005
56 0
57 1
	7.42498
58 0
59 1
	6.34109
60 0
61 4
	4.8919
	5.1401
	5.59923
	6.54461
62 0
63 2
	4.60782
	4.66365
64 0
65 1
	8.75233
66 2
	9.21497
	9.40252
67 0
68 0
69 0
70 1
	8.30415
71 1
	8.10355
72 2
	4.17713
	9.40651
73 0
74 1
	5.56017
75 3
	1.72548
	7.64413
	8.28467
76 0
77 0
78 1
	8.0279
79 1
	6.98475
80 0
81 0
82 0
83 0
84 0
85 1
	7.16293
86 1
	3.07739
87 0
88 2
	1.74575
	9.465
89 1
	6.07064
90 0
91 0
92 0
93 3
	3.42945
	5.44493
	8.97674
94 2
	2.06697
	8.09517
95 2
	5.80606
	5.89305
96 0
97 3
	6.40562
	7.53583
	9.42152
98 1
	8.84248
99 0
100 0
101 2
	2.95178
	9.04321
102 0
103 0
104 0
105 0
106 6
	1.81912
	2.13308
	2.5488
	6.65135
	7.76954
	8.74108
107 1
	9.61946
108 0
109 0
110 0
111 0
112 2
	2.14541
	5.15288
113 0
114 0
115 0
116 0
117 1
	9.51216
118 1
	4.94393
119 3
	8.59467
	8.85214
	9.00368
120 2
	2.77231
	3.50151
121 0
122 1
	5.01767
123 1
	4.38063
124 0
125 4
	1.52741
	2.20082
	3.95124
	7.52192
126 0
127 2
	3.83551
	8.08912
128 1
	7.56293
129 1
	6.60156
130 1
	5.34799
131 1
	9.84331
132 2
	9.36172
	9.47182
133 2
	1.24191
	5.32414
134 1
	9.06236
135 1
	1.06924
136 2
	7.17958
	8.23187
137 1
	3.69075
138 0
139 1
	9.54357
140 0
141 3
	3.29404
	7.434
	9.93097
142 1
	4.36739
143 1
	8.29297
144 1
	6.36723
145 3
	2.59283
	5.45343
	6.08405
146 2
	6.38124
	9.34323
147 1
	1.31258
148 0
149 2
	4.44092
	7.75439
150 3
	5.91834
	9.26657
	9.47349
151 0
152 0
153 1
	4.11856
154 2
	5.19606
	8.64643
155 3
	1.83886
	7.08618
	8.46183
156 0
157 2
	8.56025
	9.49315
158 0
159 2
	8.08646
	8.37844
160 4
	1.58912
	5.31646
	6.00189
	7.54704
161 0
162 0
163 1
	7.70267
164 1
	2.2061
165 0
166 1
	2.68397
167 0
168 2
	8.849
	9.42807
169 2
	7.13597
	9.49292
170 1
	6.86315
171 1
	9.2647
172 0
173 2
	7.09402
	8.35333
174 1
	9.98175
175 2
	0.920318
	1.18499
176 0
177 0
178 2
	8.78946
	8.95438
179 3
	6.02735
	7.10301
	7.7217
180 0
181 2
	2.21007
	2.70001
182 1
	9.66002
183 0
184 0
185 0
186 0
187 0
188 0
189 1
	9.31219
190 0
191 0
192 2
	3.93629
	4.00181
193 2
	9.71945
	9.95068
194 1
	8.88883
195 0
196 3
	5.69852
	8.68277
	8.816
197 0
198 2
	9.35462
	9.40608
199 1
	0.430333
200 0
201 0
202 0
203 0
204 0
205 1
	5.71414
206 1
	1.90849
207 1
	9.45825
208 1
	9.20379
209 0
210 0
211 0
212 1
	9.78951
213 0
214 2
	3.32665
	7.91851
215 1
	2.57953
216 0
217 2
	3.50997
	8.76951
218 1
	4.70224
219 2
	4.61058
	9.13703
220 0
221 1
	8.99175
222 0
223 3
	3.02964
	3.52348
	7.04812
224 0
225 2
	8.82546
	9.86777
226 1
	4.22731
227 1
	7.70656
228 1
	6.47323
229 0
230 2
	2.9396
	9.11831
231 1
	1.35556
232 0
233 0
234 3
	1.05087
	2.18119
	5.94268
235 0
236 0
237 2
	3.80022
	4.01958
238 0
239 1
	9.81865
240 1
	5.5507
241 1
	4.74387
242 2
	2.02946
	9.02265
243 1
	5.34752
244 1
	8.79843
245 2
	9.14666
	9.68905
246 0
247 0
248 0
249 0
250 0
251 0
252 1
	8.95533
253 0
254 1
	5.6241
255 2
	3.12759
	6.89295
256 0
257 0
258 0
259 1
	7.20044
260 1
	6.85458
261 3
	4.07623
	4.17163
	4.97786
262 1
	2.09835
263 0
264 0
265 1
	4.57694
266 3
	3.49331
	7.36623
	9.72156
267 1
	8.00739
268 0
269 2
	5.03977
	6.37371
270 3
	2.34982
	7.60376
	9.26968
271 2
	2.97202
	5.99472
272 0
273 0
274 2
	7.16345
	9.02466
275 1
	8.89617
276 0
277 2
	3.49652
	3.67812
278 0
279 1
	8.33981
280 0
281 1
	1.38354
282 0
283 3
	6.34488
	7.37913
	8.56615
284 1
	2.98357
285 1
	8.87285
286 1
	6.47471
287 1
	8.75544
288 1
	2.77578
289 1
	9.98803
290 1
	8.55399
291 2
	4.54983
	5.28126
292 1
	9.50382
293 2
	7.05004
	7.20647
294 0
295 2
	6.9396
	7.52691
296 0
297 0
298 2
	8.37164
	8.49712
299 1
	9.82374
300 0
301 0
302 2
	5.89585
	6.30561
303 3
	7.95443
	8.25387
	8.30682
304 0
305 1
	1.54186
306 2
	5.10329
	9.22015
307 0
308 2
	8.8281
	9.07581
309 2
	8.24677
	9.1677
310 2
	4.4027
	9.17745
311 0
312 2
	5.01569
	6.31005
313 0
314 2
	9.0156
	9.43055
315 0
316 1
	2.75632
317 1
	0.991483
318 0
319 1
	9.06002
320 2
	1.43112
	2.98305
321 2
	2.0514
	7.55951
322 2
	1.15045
	3.02978
323 2
	4.13664
	9.16083
324 0
325 2
	6.51556
	9.35627
326 1
	9.93433
327 0
328 0
329 0
330 0
331 0
332 2
	0.0480465
	4.59946
333 2
	4.906
	5.411
334 3
	8.84049
	9.01817
	9.77287
335 3
	0.926239
	1.53887
	6.96123
336 1
	2.44341
337 2
	2.01548
	7.61287
338 5
	3.56162
	6.36668
	7.82868
	8.58221
	8.59058
339 1
	7.09837
340 5
	4.82986
	7.85854
	8.48313
	8.52861
	8.61568
341 0
342 1
	4.47126
343 1
	8.34843
344 2
	7.40186
	8.18065
345 2
	3.72261
	9.53312
346 2
	5.77495
	6.15295
347 0
348 2
	7.30849
	8.51824
349 0
350 1
	5.98585
351 2
	0.882132
	9.32221
352 2
	5.7192
	7.14425
353 2
	5.04523
	7.29623
354 2
	8.49946
	8.54827
355 2
	1.90581
	8.63892
356 1
	3.7651
357 1
	6.83872
358 1
	9.88634
359 0
360 3
	2.50184
	5.36351
	8.77599
361 2
	3.84943
	6.39119
362 0
363 0
364 0
365 2
	8.15864
	9.05199
366 0
367 0
368 0
369 1
	7.58259
370 1
	2.92039
371 1
	9.75882
372 0
373 2
	2.10715
	6.66509
374 1
	8.63449
375 5
	7.71014
	8.00657
	8.67882
	9.07352
	9.5504
376 6
	0.489712
	0.606515
	6.77102
	7.41674
	7.69018
	8.87979
377 0
378 1
	5.60986
379 1
	9.14356
380 1
	1.86363
381 2
	5.18976
	9.50052
382 2
	5.24003
	9.43246
383 3
	1.51064
	3.33046
	8.01262
384 2
	2.86378
	4.8069
385 1
	6.83296
386 1
	8.36029
387 4
	3.14522
	4.40321
	8.77438
	9.50122
388 2
	8.31295
	9.02068
389 4
	2.70007
	3.05924
	4.19974
	6.1639
390 3
	6.43238
	7.0958
	8.51604
391 0
392 0
393 3
	0.898875
	8.16885
	8.95182
394 1
	8.58969
395 3
	7.14741
	8.4305
	9.44638
396 0
397 1
	9.66005
398 3
	4.70453
	6.1623
	7.29202
399 1
	4.21625
400 0
401 3
	4.10485
	6.70284
	9.33513
402 1
	6.44795
403 1
	7.7523
404 1
	8.18942
405 0
406 0
407 0
408 4
	8.0382
	8.64931
	8.98623
	9.7676
409 0
410 0
411 1
	9.78008
412 2
	7.92474
	9.87792
413 0
414 2
	6.5963
	8.55321
415 1
	6.56352
416 0
417 4
	2.07405
	2.79372
	3.07981
	5.28861
418 4
	4.25029
	5.45039
	6.54794
	8.20145
419 0
420 1
	7.82724
421 0
422 3
	1.41136
	6.21176
	8.03918
423 0
424 1
	5.88138
425 1
	9.36641
426 0
427 1
	4.67496
428 3
	2.6817
	7.40962
	9.48502
429 4
	6.93511
	7.13539
	8.45883
	9.19846
430 2
	6.54168
	7.05175
431 2
	2.58164
	2.83811
432 0
433 5
	2.50934
	5.49488
	7.33038
	9.20475
	9.94718
434 4
	7.30319
	7.87445
	8.49847
	9.6007
435 6
	2.16438
	2.3279
	3.50093
	4.4576
	4.95842
	8.59792
436 2
	2.61934
	7.6522
437 3
	7.28629
	9.30266
	9.41464
438 4
	3.43899
	3.74363
	4.10628
	7.51154
439 9
	4.17119
	6.75268
	7.14429
	7.23133
	7.84761
	8.71435
	8.79932
	9.48385
	9.6408
440 3
	3.36813
	8.80172
	9.52087
441 7
	3.27191
	4.66296
	7.13009
	7.15679
	9.13833
	9.57573
	9.70071
442 1
	7.35614
443 3
	6.935
	8.86399
	9.54873
444 3
	2.32436
	8.15857
	8.82615
445 4
	4.99885
	6.69702
	7.27946
	9.21634
446 5
	1.80762
	2.70951
	2.82373
	2.94079
	8.14927
447 3
	7.29162
	7.4324
	8.28297
448 1
	3.95225
449 0
450 5
	1.97864
	4.46632
	7.72801
	9.15191
	9.26464
451 1
	9.84704
452 4
	2.31749
	4.32246
	9.58229
	9.90911
453 1
	6.94201
454 4
	4.86998
	6.44874
	7.15625
	9.71579
455 2
	6.22225
	9.91602
456 3
	7.51566
	8.32209
	9.57466
457 9
	1.18462
	3.63888
	4.96371
	7.10883
	7.71568
	8.19148
	8.26842
	9.18416
	9.31068
458 1
	8.08934
459 3
	4.15772
	6.47238
	9.68527
460 9
	2.25474
	3.53767
	4.51397
	6.24117
	6.72623
	7.42845
	7.65172
	8.16687
	9.81761
461 3
	6.70665
	9.12274
	9.48765
462 6
	3.84239
	4.51219
	5.75188
	8.25479
	8.64399
	9.2587
463 2
	8.5759
	9.51941
464 4
	4.03943
	5.02701
	6.88596
	7.72957
465 6
	3.34956
	5.00874
	7.05121
	7.75632
	7.86203
	9.96588
466 6
	4.19285
	4.71037
	6.38424
	6.82494
	8.51504
	9.04461
467 6
	1.47786
	5.77465
	7.46188
	8.44518
	8.83835
	9.56677
468 3
	8.75105
	9.68096
	9.84404
469 2
	1.50533
	9.76119
470 4
	2.99387
	8.02473
	8.4046
	9.38165
471 4
	6.5285
	6.89342
	7.08005
	9.15497
472 10
	7.05825
	7.23837
	7.39268
	7.67794
	7.69679
	7.82395
	8.49854
	9.56073
	9.67636
	9.93083
473 4
	8.53358
	8.70246
	9.58301
	9.66243
474 10
	1.46405
	3.31465
	3.72376
	4.15038
	4.93046
	5.90033
	6.86581
	8.77068
	9.06877
	9.90263
475 8
	1.72161
	2.45778
	6.33714
	7.86115
	8.4621
	8.51256
	9.46504
	9.47815
476 6
	3.25214
	5.25068
	6.14774
	6.34963
	7.96282
	8.42792
477 6
	3.06421
	6.22505
	7.09874
	7.35152
	7.70281
	8.95248
478 3
	4.49394
	5.17015
	9.39755
479 7
	7.31504
	7.61032
	7.80487
	8.31285
	9.1592
	9.21206
	9.6791
480 3
	3.43328
	7.57092
	9.97208
481 11
	2.13761
	3.19113
	3.54198
	6.71701
	7.87443
	7.98283
	9.09717
	9.12996
	9.26079
	9.38079
	9.77686
482 7
	3.05259
	6.34023
	7.61948
	7.6673
	7.99673
	9.68577
	9.79625
483 5
	3.30455
	4.77966
	7.69514
	8.70484
	9.27724
484 7
	5.44509
	5.95732
	8.33887
	8.58939
	8.7131
	8.75293
	9.42544
485 6
	2.25438
	7.56152
	7.57308
	7.74311
	8.6155
	9.37071
486 7
	7.01472
	7.35178
	7.56229
	7.78211
	8.99306
	9.18603
	9.49525
487 10
	3.73322
	4.19702
	5.42463
	6.73585
	7.39501
	7.90525
	7.9372
	8.96213
	8.96494
	9.03982
488 8
	3.28129
	5.12425
	6.69427
	7.12486
	7.97951
	8.31128
	8.44421
	8.92435
489 6
	3.47689
	5.18178
	7.1202
	8.14269
	8.43332
	9.68428
490 9
	5.0205
	6.35219
	7.43101
	7.76957
	8.05712
	8.96858
	8.97189
	9.81219
	9.93817
491 18
	3.32601
	3.46208
	3.56402
	4.05665
	4.07064
	4.30473
	4.72131
	5.42952
	6.30506
	6.95286
	7.51021
	8.09374
	8.12782
	8.50385
	8.7278
	8.97632
	9.69814
	9.94844
492 12
	1.99956
	6.0957
	6.30518
	7.81583
	7.81671
	8.20132
	8.79568
	8.83637
	8.85413
	9.06653
	9.08662
	9.89081
493 12
	2.13604
	4.27672
	5.77244
	6.12954
	6.39975
	6.47716
	6.57034
	7.42508
	8.56053
	9.14708
	9.52004
	9.65044
494 8
	4.88015
	5.06995
	6.59263
	7.36948
	7.50481
	7.87758
	8.63527
	9.82661
495 15
	1.69664
	4.02258
	4.35735
	5.04336
	6.08038
	7.94928
	8.12555
	8.16427
	8.35158
	8.53199
	8.68749
	8.86187
	9.16148
	9.6577
	9.80107
496 10
	7.82576
	8.19262
	8.5035
	8.72555
	8.8762
	8.98184
	9.07599
	9.28159
	9.3007
	9.47675
497 18
	1.98351
	2.11367
	2.12431
	3.32055
	4.09151
	5.12775
	6.78368
	6.80469
	7.58958
	7.74675
	8.15247
	8.44565
	8.66394
	9.05809
	9.32201
	9.47839
	9.49031
	9.92468
498 14
	1.50031
	2.28362
	2.40837
	3.26733
	6.31369
	6.65254
	6.84012
	6.84614
	6.8487
	6.86209
	7.39267
	7.964
	9.25421
	9.90142
499 20
	2.44953
	6.40353
	6.58928
	6.60608
	6.72218
	6.98014
	7.16329
	7.35159
	7.63886
	8.59509
	8.70151
	8.86244
	8.87097
	9.02839
	9.19053
	9.21911
	9.56667
	9.59134
	9.94731
	9.98705
