0 97
1 98
2 98
3 99
4 92
5 96
6 95
7 94
8 98
9 96
10 99
11 99
12 98
13 96
14 99
15 89
16 96
17 90
18 91
19 85
20 81
21 93
22 99
23 64
24 97
25 97
26 71
27 99
28 97
29 96
30 99
31 99
32 84
33 96
34 75
35 84
36 92
37 98
38 95
39 74
40 93
41 94
42 98
43 99
44 97
45 88
46 92
47 99
48 99
49 82
50 99
51 95
52 98
53 76
54 95
55 98
56 98
57 75
58 94
59 98
60 99 88
61 97 98
62 91 77
63 90 94
64 98 23
65 81 96
66 99 98
67 99 80
68 91 93
69 91 99
70 96 97
71 97 26
72 95 90
73 98 91 84
74 39 99 84
75 34 57 98
76 53 93 89
77 84 86 62
78 91 99 98
79 99 97 90
80 97 87 67
81 20 91 65
82 49 91 99
83 97 90 93 89
84 95 77 73 32 74 35
85 19 95 92 86 97 99
86 94 99 92 85 96 93 77
87 99 88 94 95 89 93 80
88 99 60 96 45 97 94 87
89 76 83 99 95 15 87 92 96
90 83 95 63 72 97 17 99 79
91 81 18 73 96 62 92 82 69 68 78
92 85 86 46 4 94 89 98 93 91 36
93 92 68 95 94 83 99 96 97 76 86 40 21 87
94 95 58 93 97 87 88 63 98 7 92 99 41 86
95 84 72 38 99 93 98 85 87 89 6 90 51 54 94
96 99 86 29 33 13 91 70 65 16 98 9 93 89 5 88
97 71 85 80 61 83 0 44 94 25 79 28 88 93 24 70 99 90
98 42 37 12 61 78 99 66 1 64 75 2 55 95 73 59 96 8 92 52 94 56
99 82 87 98 86 66 22 14 48 47 93 27 60 3 94 88 43 11 74 69 30 96 97 67 31 10 79 78 85 89 50 90 95
