11322.000000
37 107.000000
30 117.000000
26 125.000000
41 149.000000
23 183.000000
28 191.000000
67 219.000000
37 227.000000
25 287.000000
41 352.000000
27 459.000000
28 472.000000
29 536.000000
26 549.000000
67 551.000000
18 558.000000
34 558.000000
37 563.000000
37 564.000000
37 574.000000
68 589.000000
28 596.000000
34 620.000000
28 684.000000
37 738.000000
35 741.000000
28 744.000000
74 747.000000
70 763.000000
41 774.000000
41 787.000000
36 792.000000
67 805.000000
36 875.000000
37 914.000000
26 974.000000
41 980.000000
41 1007.000000
28 1014.000000
37 1021.000000
41 1023.000000
41 1069.000000
29 1106.000000
23 1122.000000
67 1123.000000
35 1132.000000
41 1135.000000
35 1139.000000
35 1142.000000
35 1145.000000
41 1153.000000
67 1165.000000
39 1178.000000
37 1197.000000
67 1203.000000
67 1204.000000
41 1204.000000
66 1209.000000
41 1218.000000
47 1234.000000
67 1240.000000
37 1241.000000
34 1252.000000
39 1258.000000
66 1261.000000
28 1292.000000
74 1298.000000
67 1312.000000
56 1335.000000
39 1339.000000
41 1341.000000
66 1349.000000
67 1352.000000
67 1354.000000
41 1356.000000
24 1370.000000
37 1377.000000
37 1381.000000
35 1383.000000
41 1386.000000
25 1402.000000
23 1413.000000
67 1413.000000
23 1419.000000
28 1421.000000
35 1448.000000
39 1462.000000
67 1494.000000
28 1509.000000
05 1546.000000
66 1548.000000
68 1561.000000
23 1566.000000
28 1572.000000
28 1572.000000
35 1573.000000
39 1588.000000
30 1588.000000
67 1595.000000
37 1595.000000
66 1596.000000
06 1597.000000
28 1602.000000
66 1602.000000
41 1606.000000
39 1611.000000
23 1615.000000
70 1615.000000
07 1617.000000
07 1623.000000
41 1633.000000
05 1634.000000
67 1652.000000
07 1664.000000
67 1665.000000
67 1668.000000
67 1677.000000
67 1681.000000
00 1696.000000
66 1699.000000
26 1702.000000
30 1704.000000
41 1710.000000
28 1711.000000
28 1713.000000
41 1721.000000
41 1721.000000
23 1724.000000
28 1725.000000
67 1725.000000
28 1746.000000
28 1755.000000
67 1756.000000
28 1757.000000
39 1764.000000
67 1775.000000
42 1792.000000
66 1798.000000
23 1802.000000
25 1808.000000
30 1810.000000
68 1811.000000
26 1824.000000
66 1837.000000
37 1856.000000
67 1856.000000
67 1862.000000
67 1867.000000
37 1868.000000
28 1876.000000
37 1876.000000
66 1877.000000
48 1879.000000
30 1881.000000
66 1890.000000
33 1913.000000
67 1919.000000
67 1924.000000
67 1928.000000
37 1932.000000
67 1932.000000
42 1938.000000
36 1941.000000
28 1941.000000
67 1943.000000
67 1944.000000
07 1947.000000
37 1947.000000
23 1949.000000
42 1963.000000
28 1971.000000
25 1973.000000
37 1978.000000
67 1989.000000
42 1989.000000
29 1989.000000
26 1990.000000
42 1993.000000
35 1995.000000
07 2004.000000
24 2004.000000
07 2008.000000
66 2008.000000
36 2008.000000
37 2012.000000
42 2014.000000
34 2018.000000
28 2018.000000
02 2018.000000
28 2021.000000
35 2026.000000
35 2026.000000
67 2029.000000
07 2032.000000
41 2035.000000
41 2052.000000
25 2054.000000
66 2055.000000
67 2056.000000
28 2062.000000
37 2064.000000
41 2065.000000
28 2065.000000
30 2070.000000
48 2086.000000
67 2105.000000
39 2106.000000
06 2122.000000
60 2127.000000
23 2133.000000
26 2140.000000
48 2147.000000
48 2157.000000
30 2197.000000
27 2199.000000
26 2205.000000
25 2233.000000
72 2243.000000
25 2250.000000
26 2251.000000
67 2254.000000
23 2277.000000
27 2287.000000
28 2288.000000
72 2289.000000
28 2293.000000
53 2297.000000
34 2298.000000
67 2299.000000
23 2299.000000
25 2300.000000
37 2313.000000
30 2320.000000
68 2321.000000
25 2323.000000
30 2325.000000
29 2326.000000
22 2331.000000
22 2333.000000
30 2334.000000
26 2337.000000
29 2342.000000
48 2344.000000
23 2356.000000
29 2359.000000
67 2365.000000
25 2371.000000
23 2375.000000
29 2382.000000
68 2384.000000
22 2390.000000
27 2396.000000
23 2399.000000
47 2400.000000
26 2409.000000
38 2414.000000
25 2415.000000
30 2416.000000
67 2417.000000
25 2427.000000
67 2454.000000
28 2461.000000
25 2464.000000
22 2471.000000
23 2474.000000
07 2476.000000
28 2481.000000
60 2483.000000
28 2488.000000
67 2490.000000
25 2492.000000
48 2509.000000
25 2512.000000
28 2520.000000
68 2523.000000
30 2556.000000
53 2565.000000
26 2572.000000
23 2586.000000
23 2597.000000
23 2600.000000
26 2600.000000
23 2625.000000
74 2626.000000
59 2654.000000
26 2671.000000
25 2677.000000
22 2678.000000
30 2682.000000
33 2686.000000
67 2687.000000
45 2688.000000
28 2700.000000
43 2724.000000
23 2724.000000
56 2726.000000
07 2730.000000
37 2733.000000
29 2737.000000
23 2749.000000
28 2755.000000
51 2759.000000
07 2765.000000
22 2765.000000
23 2776.000000
29 2782.000000
45 2784.000000
68 2787.000000
23 2791.000000
30 2802.000000
67 2818.000000
28 2819.000000
42 2826.000000
41 2830.000000
25 2837.000000
23 2838.000000
23 2852.000000
28 2857.000000
28 2858.000000
30 2874.000000
24 2903.000000
39 2915.000000
18 2915.000000
30 2919.000000
30 2922.000000
66 2947.000000
23 2952.000000
18 2981.000000
26 2985.000000
31 2999.000000
33 2999.000000
43 3006.000000
24 3030.000000
37 3033.000000
67 3037.000000
02 3043.000000
26 3054.000000
48 3056.000000
04 3058.000000
27 3065.000000
66 3070.000000
24 3077.000000
37 3088.000000
37 3090.000000
30 3101.000000
28 3108.000000
23 3114.000000
23 3116.000000
30 3122.000000
21 3124.000000
28 3127.000000
29 3132.000000
26 3137.000000
48 3164.000000
28 3177.000000
60 3183.000000
68 3191.000000
37 3211.000000
23 3232.000000
29 3235.000000
30 3275.000000
21 3282.000000
28 3355.000000
23 3357.000000
72 3370.000000
37 3382.000000
41 3386.000000
41 3390.000000
17 3395.000000
23 3404.000000
39 3410.000000
39 3417.000000
35 3417.000000
35 3432.000000
00 3451.000000
23 3453.000000
60 3467.000000
42 3469.000000
27 3473.000000
39 3476.000000
04 3492.000000
28 3496.000000
39 3515.000000
23 3522.000000
28 3524.000000
23 3527.000000
38 3548.000000
21 3577.000000
23 3584.000000
21 3593.000000
21 3593.000000
21 3610.000000
05 3614.000000
72 3614.000000
21 3617.000000
28 3618.000000
48 3620.000000
39 3641.000000
21 3658.000000
37 3689.000000
37 3698.000000
21 3710.000000
22 3728.000000
13 3764.000000
70 3812.000000
21 3836.000000
21 3861.000000
29 3897.000000
37 3899.000000
15 3968.000000
23 3974.000000
23 3983.000000
21 4005.000000
05 4024.000000
22 4039.000000
21 4051.000000
70 4067.000000
22 4074.000000
72 4105.000000
62 4128.000000
34 4145.000000
05 4155.000000
60 4166.000000
23 4170.000000
06 4194.000000
05 4194.000000
48 4198.000000
35 4216.000000
06 4225.000000
05 4235.000000
21 4280.000000
14 4289.000000
21 4298.000000
21 4302.000000
21 4359.000000
21 4378.000000
70 4415.000000
29 4421.000000
22 4449.000000
23 4460.000000
70 4480.000000
29 4529.000000
30 4534.000000
30 4540.000000
28 4543.000000
23 4553.000000
23 4556.000000
21 4559.000000
23 4563.000000
41 4570.000000
74 4570.000000
29 4577.000000
45 4578.000000
22 4586.000000
21 4588.000000
29 4592.000000
23 4599.000000
30 4612.000000
30 4629.000000
71 4631.000000
19 4634.000000
66 4644.000000
66 4644.000000
23 4648.000000
30 4657.000000
22 4672.000000
43 4672.000000
23 4678.000000
62 4712.000000
57 4756.000000
02 4796.000000
04 4866.000000
05 4881.000000
07 4901.000000
21 4906.000000
27 4919.000000
03 4933.000000
29 4940.000000
21 4944.000000
27 4947.000000
06 4961.000000
05 4968.000000
23 4977.000000
22 4984.000000
57 4984.000000
22 5002.000000
29 5013.000000
37 5038.000000
27 5045.000000
30 5055.000000
58 5058.000000
02 5094.000000
30 5095.000000
22 5114.000000
23 5122.000000
30 5122.000000
23 5130.000000
23 5146.000000
05 5147.000000
43 5157.000000
23 5157.000000
05 5159.000000
21 5161.000000
45 5161.000000
05 5162.000000
23 5163.000000
29 5167.000000
05 5167.000000
05 5169.000000
05 5173.000000
28 5183.000000
30 5192.000000
05 5201.000000
22 5208.000000
27 5212.000000
23 5215.000000
29 5216.000000
00 5218.000000
22 5219.000000
23 5221.000000
29 5223.000000
22 5233.000000
72 5234.000000
29 5237.000000
15 5238.000000
72 5241.000000
30 5255.000000
30 5257.000000
65 5258.000000
02 5263.000000
23 5269.000000
23 5273.000000
07 5281.000000
23 5284.000000
07 5285.000000
21 5292.000000
30 5295.000000
30 5296.000000
57 5301.000000
03 5303.000000
29 5317.000000
30 5329.000000
29 5333.000000
21 5345.000000
22 5349.000000
04 5350.000000
23 5353.000000
04 5353.000000
21 5375.000000
21 5379.000000
05 5392.000000
24 5399.000000
76 5399.000000
23 5405.000000
22 5417.000000
06 5432.000000
29 5445.000000
05 5470.000000
30 5510.000000
23 5533.000000
29 5534.000000
42 5545.000000
21 5551.000000
30 5564.000000
19 5564.000000
07 5615.000000
21 5615.000000
21 5619.000000
22 5625.000000
30 5626.000000
36 5632.000000
21 5670.000000
37 5670.000000
05 5672.000000
22 5673.000000
21 5674.000000
42 5677.000000
22 5682.000000
20 5682.000000
39 5688.000000
21 5691.000000
66 5695.000000
24 5700.000000
05 5706.000000
23 5711.000000
23 5718.000000
70 5718.000000
33 5719.000000
23 5721.000000
23 5725.000000
37 5726.000000
22 5726.000000
23 5731.000000
23 5739.000000
21 5741.000000
22 5757.000000
05 5773.000000
23 5781.000000
21 5786.000000
28 5802.000000
76 5847.000000
28 5849.000000
07 5871.000000
60 5878.000000
72 5895.000000
07 5902.000000
22 5915.000000
07 5915.000000
07 5916.000000
37 5920.000000
28 5922.000000
23 5924.000000
07 5927.000000
02 5935.000000
21 5938.000000
22 5941.000000
28 5952.000000
32 5957.000000
29 5971.000000
25 5971.000000
60 5985.000000
07 5990.000000
37 5996.000000
28 6001.000000
60 6003.000000
32 6003.000000
35 6005.000000
70 6010.000000
67 6010.000000
02 6015.000000
23 6016.000000
22 6022.000000
06 6023.000000
24 6023.000000
29 6025.000000
60 6026.000000
23 6029.000000
23 6048.000000
30 6051.000000
29 6052.000000
28 6056.000000
00 6056.000000
21 6061.000000
06 6063.000000
21 6067.000000
66 6067.000000
23 6067.000000
07 6069.000000
29 6069.000000
39 6071.000000
07 6072.000000
34 6072.000000
45 6076.000000
27 6077.000000
23 6079.000000
23 6081.000000
28 6083.000000
29 6084.000000
23 6088.000000
36 6095.000000
22 6096.000000
67 6101.000000
38 6102.000000
21 6106.000000
15 6106.000000
29 6108.000000
23 6109.000000
30 6111.000000
21 6113.000000
20 6142.000000
21 6144.000000
23 6146.000000
29 6148.000000
76 6154.000000
23 6173.000000
25 6174.000000
66 6177.000000
67 6178.000000
41 6179.000000
02 6182.000000
29 6182.000000
34 6187.000000
30 6193.000000
30 6195.000000
23 6196.000000
30 6198.000000
23 6204.000000
02 6209.000000
28 6224.000000
22 6230.000000
23 6234.000000
27 6235.000000
60 6238.000000
28 6256.000000
19 6271.000000
39 6281.000000
28 6289.000000
39 6293.000000
28 6294.000000
07 6306.000000
22 6312.000000
22 6324.000000
23 6333.000000
39 6341.000000
25 6347.000000
48 6348.000000
27 6352.000000
42 6355.000000
06 6355.000000
22 6374.000000
22 6382.000000
21 6385.000000
25 6388.000000
29 6396.000000
50 6400.000000
26 6405.000000
27 6418.000000
23 6424.000000
76 6427.000000
72 6429.000000
23 6441.000000
20 6445.000000
34 6447.000000
30 6457.000000
72 6460.000000
60 6464.000000
23 6475.000000
27 6484.000000
68 6485.000000
23 6491.000000
24 6494.000000
42 6503.000000
07 6503.000000
42 6504.000000
28 6507.000000
42 6511.000000
37 6527.000000
41 6535.000000
02 6541.000000
25 6550.000000
35 6567.000000
66 6568.000000
27 6589.000000
70 6600.000000
39 6606.000000
25 6608.000000
70 6609.000000
41 6610.000000
37 6612.000000
21 6613.000000
02 6615.000000
22 6634.000000
39 6635.000000
76 6638.000000
24 6641.000000
72 6641.000000
37 6645.000000
05 6647.000000
36 6661.000000
27 6662.000000
28 6664.000000
66 6666.000000
13 6683.000000
27 6685.000000
28 6687.000000
04 6691.000000
22 6693.000000
02 6693.000000
22 6695.000000
21 6700.000000
07 6705.000000
39 6707.000000
28 6707.000000
29 6707.000000
28 6715.000000
02 6727.000000
13 6727.000000
13 6728.000000
23 6731.000000
30 6736.000000
48 6737.000000
05 6741.000000
21 6751.000000
22 6767.000000
28 6769.000000
53 6771.000000
35 6774.000000
29 6774.000000
21 6776.000000
29 6777.000000
05 6780.000000
76 6781.000000
76 6784.000000
76 6785.000000
26 6786.000000
25 6796.000000
21 6797.000000
07 6797.000000
27 6801.000000
21 6804.000000
42 6823.000000
07 6823.000000
45 6833.000000
35 6837.000000
21 6849.000000
29 6852.000000
60 6858.000000
22 6865.000000
52 6866.000000
23 6874.000000
22 6874.000000
05 6881.000000
23 6892.000000
07 6893.000000
27 6910.000000
48 6911.000000
27 6933.000000
28 6941.000000
30 6943.000000
67 6948.000000
37 6958.000000
60 6968.000000
22 6971.000000
30 6980.000000
39 6994.000000
07 6997.000000
07 7011.000000
29 7018.000000
66 7025.000000
21 7036.000000
35 7041.000000
35 7046.000000
27 7047.000000
27 7050.000000
37 7055.000000
24 7058.000000
07 7063.000000
48 7068.000000
27 7069.000000
23 7070.000000
22 7071.000000
27 7084.000000
02 7085.000000
27 7090.000000
07 7091.000000
48 7099.000000
21 7108.000000
29 7115.000000
21 7116.000000
22 7117.000000
21 7118.000000
39 7121.000000
28 7142.000000
27 7147.000000
07 7147.000000
27 7148.000000
37 7149.000000
22 7153.000000
26 7153.000000
60 7154.000000
32 7156.000000
29 7158.000000
07 7160.000000
26 7167.000000
26 7173.000000
29 7175.000000
22 7176.000000
57 7182.000000
27 7193.000000
58 7195.000000
07 7201.000000
21 7214.000000
13 7226.000000
27 7227.000000
67 7227.000000
27 7231.000000
27 7235.000000
22 7241.000000
13 7242.000000
22 7246.000000
68 7247.000000
42 7250.000000
21 7260.000000
07 7261.000000
07 7265.000000
21 7265.000000
48 7268.000000
04 7271.000000
21 7290.000000
07 7293.000000
65 7303.000000
27 7304.000000
29 7313.000000
24 7313.000000
02 7354.000000
27 7364.000000
60 7366.000000
02 7375.000000
48 7381.000000
22 7384.000000
27 7391.000000
27 7393.000000
23 7398.000000
29 7399.000000
42 7400.000000
21 7401.000000
60 7401.000000
07 7401.000000
41 7401.000000
21 7408.000000
60 7408.000000
60 7409.000000
29 7409.000000
22 7410.000000
29 7411.000000
28 7449.000000
07 7459.000000
05 7464.000000
70 7467.000000
70 7468.000000
29 7468.000000
37 7469.000000
34 7469.000000
27 7481.000000
22 7488.000000
23 7498.000000
07 7507.000000
42 7507.000000
22 7507.000000
26 7509.000000
39 7511.000000
45 7523.000000
48 7524.000000
04 7533.000000
52 7535.000000
28 7545.000000
22 7548.000000
06 7561.000000
23 7563.000000
25 7574.000000
30 7576.000000
13 7579.000000
52 7579.000000
28 7601.000000
07 7613.000000
07 7615.000000
72 7629.000000
30 7629.000000
29 7631.000000
60 7638.000000
07 7647.000000
74 7664.000000
05 7692.000000
48 7693.000000
29 7694.000000
65 7701.000000
21 7702.000000
02 7707.000000
50 7718.000000
29 7720.000000
21 7723.000000
21 7730.000000
42 7737.000000
29 7751.000000
23 7752.000000
30 7764.000000
20 7774.000000
07 7777.000000
29 7784.000000
05 7785.000000
07 7789.000000
45 7795.000000
23 7797.000000
07 7798.000000
23 7803.000000
22 7813.000000
23 7816.000000
07 7816.000000
29 7821.000000
07 7825.000000
41 7827.000000
07 7836.000000
29 7836.000000
02 7840.000000
27 7851.000000
07 7852.000000
22 7857.000000
59 7862.000000
42 7862.000000
74 7866.000000
42 7873.000000
23 7878.000000
23 7880.000000
07 7881.000000
39 7883.000000
22 7890.000000
28 7896.000000
22 7898.000000
15 7898.000000
27 7899.000000
27 7909.000000
34 7911.000000
23 7914.000000
30 7920.000000
37 7927.000000
30 7950.000000
23 7955.000000
44 7957.000000
22 7959.000000
30 7962.000000
48 7968.000000
60 7968.000000
60 7970.000000
65 7978.000000
29 7978.000000
29 7989.000000
07 7989.000000
65 7990.000000
67 7995.000000
00 7998.000000
65 7998.000000
26 8002.000000
68 8006.000000
30 8009.000000
27 8013.000000
22 8033.000000
29 8039.000000
57 8045.000000
30 8054.000000
67 8071.000000
21 8073.000000
52 8074.000000
22 8076.000000
65 8079.000000
23 8084.000000
48 8115.000000
60 8126.000000
25 8128.000000
20 8129.000000
34 8130.000000
23 8134.000000
15 8135.000000
72 8160.000000
21 8171.000000
45 8171.000000
37 8172.000000
21 8179.000000
19 8182.000000
29 8184.000000
07 8243.000000
28 8248.000000
67 8252.000000
13 8253.000000
21 8261.000000
13 8266.000000
27 8268.000000
21 8283.000000
30 8285.000000
29 8286.000000
42 8288.000000
34 8293.000000
22 8296.000000
18 8302.000000
29 8314.000000
60 8316.000000
13 8338.000000
23 8342.000000
30 8351.000000
22 8355.000000
27 8357.000000
22 8360.000000
53 8373.000000
29 8379.000000
39 8381.000000
28 8392.000000
43 8396.000000
66 8425.000000
07 8446.000000
57 8457.000000
30 8462.000000
57 8468.000000
28 8480.000000
30 8491.000000
13 8494.000000
60 8497.000000
26 8502.000000
27 8523.000000
29 8528.000000
50 8533.000000
48 8537.000000
30 8538.000000
23 8539.000000
52 8542.000000
42 8542.000000
48 8544.000000
13 8544.000000
02 8552.000000
21 8552.000000
23 8556.000000
23 8575.000000
23 8577.000000
02 8578.000000
05 8578.000000
30 8580.000000
22 8581.000000
05 8583.000000
29 8587.000000
60 8587.000000
23 8592.000000
30 8599.000000
22 8606.000000
21 8608.000000
70 8608.000000
21 8608.000000
23 8619.000000
07 8624.000000
21 8625.000000
22 8625.000000
30 8626.000000
23 8629.000000
27 8645.000000
23 8648.000000
47 8650.000000
19 8658.000000
15 8664.000000
60 8666.000000
07 8668.000000
23 8673.000000
01 8682.000000
23 8703.000000
13 8704.000000
41 8704.000000
30 8716.000000
03 8724.000000
07 8736.000000
66 8743.000000
41 8745.000000
37 8771.000000
07 8775.000000
23 8779.000000
60 8780.000000
53 8783.000000
23 8795.000000
05 8797.000000
29 8800.000000
23 8801.000000
60 8817.000000
29 8853.000000
25 8857.000000
22 8866.000000
30 8868.000000
13 8871.000000
22 8877.000000
18 8878.000000
22 8880.000000
29 8886.000000
74 8886.000000
43 8900.000000
29 8911.000000
23 8923.000000
30 8928.000000
21 8941.000000
30 8946.000000
29 8948.000000
06 8948.000000
23 8951.000000
30 8952.000000
45 8963.000000
30 8963.000000
37 8965.000000
30 8965.000000
60 8987.000000
41 8987.000000
68 8999.000000
23 9000.000000
23 9007.000000
29 9009.000000
02 9010.000000
01 9013.000000
23 9016.000000
22 9024.000000
22 9029.000000
67 9030.000000
30 9032.000000
23 9032.000000
29 9042.000000
05 9043.000000
23 9044.000000
30 9046.000000
23 9051.000000
29 9052.000000
24 9053.000000
60 9054.000000
37 9063.000000
66 9068.000000
60 9070.000000
30 9070.000000
22 9071.000000
45 9074.000000
67 9075.000000
21 9080.000000
22 9082.000000
19 9086.000000
21 9088.000000
29 9096.000000
29 9101.000000
29 9104.000000
50 9111.000000
21 9112.000000
57 9116.000000
30 9121.000000
68 9122.000000
22 9135.000000
52 9136.000000
21 9142.000000
65 9146.000000
67 9147.000000
30 9151.000000
67 9161.000000
22 9163.000000
21 9168.000000
30 9168.000000
48 9171.000000
00 9192.000000
68 9193.000000
22 9197.000000
02 9207.000000
34 9220.000000
43 9232.000000
21 9233.000000
29 9238.000000
60 9241.000000
28 9246.000000
22 9256.000000
66 9257.000000
22 9258.000000
37 9258.000000
22 9267.000000
70 9269.000000
35 9272.000000
57 9273.000000
30 9282.000000
60 9283.000000
13 9283.000000
27 9284.000000
28 9284.000000
53 9287.000000
06 9288.000000
66 9289.000000
70 9290.000000
30 9293.000000
60 9295.000000
22 9297.000000
13 9306.000000
29 9309.000000
02 9309.000000
23 9317.000000
34 9321.000000
29 9322.000000
50 9329.000000
45 9333.000000
45 9335.000000
21 9335.000000
21 9337.000000
24 9338.000000
52 9338.000000
60 9341.000000
22 9341.000000
45 9342.000000
23 9346.000000
02 9348.000000
29 9351.000000
24 9354.000000
00 9355.000000
24 9359.000000
27 9363.000000
18 9366.000000
27 9366.000000
23 9368.000000
48 9368.000000
66 9372.000000
60 9372.000000
29 9376.000000
22 9376.000000
58 9377.000000
39 9381.000000
37 9381.000000
30 9387.000000
22 9388.000000
67 9392.000000
35 9402.000000
67 9403.000000
02 9407.000000
02 9409.000000
39 9409.000000
27 9413.000000
59 9417.000000
48 9419.000000
48 9426.000000
27 9430.000000
39 9434.000000
57 9435.000000
67 9438.000000
70 9440.000000
21 9449.000000
02 9450.000000
50 9453.000000
50 9464.000000
22 9468.000000
23 9471.000000
59 9474.000000
00 9483.000000
34 9495.000000
24 9495.000000
27 9499.000000
67 9500.000000
60 9501.000000
60 9503.000000
29 9504.000000
07 9507.000000
66 9509.000000
30 9511.000000
59 9518.000000
37 9528.000000
29 9531.000000
21 9544.000000
04 9548.000000
66 9552.000000
52 9561.000000
22 9562.000000
22 9564.000000
22 9573.000000
45 9584.000000
37 9584.000000
20 9586.000000
13 9588.000000
27 9589.000000
47 9592.000000
54 9596.000000
70 9596.000000
60 9598.000000
29 9599.000000
37 9599.000000
29 9603.000000
66 9607.000000
70 9608.000000
67 9610.000000
34 9611.000000
60 9611.000000
70 9612.000000
22 9613.000000
66 9614.000000
68 9616.000000
53 9616.000000
25 9617.000000
05 9617.000000
30 9621.000000
37 9621.000000
60 9621.000000
22 9623.000000
29 9623.000000
57 9631.000000
21 9633.000000
60 9640.000000
48 9640.000000
48 9644.000000
48 9645.000000
66 9647.000000
05 9652.000000
03 9655.000000
70 9656.000000
28 9662.000000
00 9669.000000
30 9671.000000
48 9672.000000
65 9672.000000
60 9673.000000
34 9675.000000
66 9681.000000
43 9684.000000
22 9686.000000
22 9686.000000
24 9692.000000
23 9692.000000
60 9693.000000
23 9695.000000
29 9699.000000
21 9700.000000
02 9704.000000
30 9706.000000
60 9710.000000
45 9711.000000
52 9712.000000
67 9713.000000
60 9715.000000
70 9716.000000
48 9718.000000
52 9720.000000
30 9720.000000
67 9726.000000
67 9726.000000
29 9726.000000
66 9728.000000
30 9730.000000
66 9731.000000
37 9733.000000
30 9733.000000
66 9735.000000
70 9737.000000
48 9742.000000
06 9743.000000
23 9744.000000
60 9750.000000
66 9750.000000
02 9757.000000
04 9761.000000
34 9762.000000
30 9763.000000
27 9764.000000
45 9765.000000
67 9767.000000
42 9769.000000
23 9773.000000
67 9779.000000
29 9782.000000
68 9788.000000
60 9788.000000
24 9788.000000
68 9789.000000
41 9802.000000
30 9813.000000
42 9816.000000
66 9821.000000
65 9822.000000
39 9824.000000
36 9825.000000
37 9827.000000
70 9828.000000
21 9829.000000
37 9831.000000
27 9836.000000
66 9849.000000
40 9850.000000
67 9853.000000
25 9860.000000
67 9869.000000
48 9871.000000
67 9883.000000
39 9894.000000
39 9897.000000
43 9898.000000
13 9904.000000
13 9920.000000
22 9921.000000
29 9924.000000
52 9933.000000
23 9934.000000
29 9948.000000
41 9949.000000
07 9952.000000
62 9953.000000
39 9953.000000
00 9954.000000
67 9957.000000
48 9959.000000
42 9963.000000
42 9965.000000
00 9966.000000
41 9968.000000
25 9970.000000
20 9972.000000
29 9975.000000
44 9978.000000
24 9980.000000
05 9981.000000
29 9982.000000
29 9982.000000
65 9984.000000
35 9986.000000
34 9987.000000
42 9989.000000
70 9989.000000
37 9989.000000
22 9998.000000
23 9999.000000
23 10000.000000
29 10003.000000
39 10004.000000
21 10005.000000
23 10007.000000
29 10008.000000
67 10009.000000
24 10010.000000
60 10014.000000
05 10019.000000
72 10021.000000
00 10022.000000
27 10027.000000
43 10029.000000
07 10029.000000
67 10030.000000
27 10034.000000
62 10035.000000
60 10037.000000
20 10039.000000
60 10043.000000
34 10047.000000
42 10049.000000
70 10051.000000
23 10054.000000
70 10054.000000
68 10056.000000
45 10057.000000
60 10060.000000
60 10060.000000
22 10064.000000
23 10067.000000
53 10070.000000
60 10071.000000
21 10073.000000
24 10078.000000
60 10079.000000
34 10081.000000
41 10082.000000
20 10086.000000
02 10089.000000
05 10090.000000
60 10091.000000
13 10092.000000
43 10093.000000
76 10094.000000
60 10095.000000
65 10095.000000
24 10096.000000
52 10097.000000
60 10099.000000
28 10100.000000
02 10101.000000
69 10102.000000
67 10105.000000
24 10106.000000
70 10109.000000
66 10110.000000
24 10113.000000
24 10118.000000
29 10119.000000
66 10122.000000
27 10122.000000
40 10123.000000
40 10126.000000
26 10128.000000
49 10130.000000
45 10131.000000
52 10134.000000
68 10145.000000
04 10145.000000
22 10154.000000
24 10155.000000
07 10160.000000
38 10165.000000
22 10165.000000
30 10169.000000
21 10169.000000
21 10171.000000
62 10174.000000
23 10192.000000
21 10194.000000
60 10200.000000
66 10211.000000
37 10217.000000
22 10218.000000
20 10227.000000
37 10232.000000
00 10237.000000
29 10239.000000
45 10243.000000
43 10245.000000
29 10248.000000
22 10250.000000
60 10251.000000
02 10256.000000
30 10257.000000
25 10258.000000
37 10261.000000
37 10265.000000
60 10268.000000
56 10271.000000
25 10271.000000
42 10272.000000
13 10274.000000
66 10275.000000
68 10277.000000
20 10280.000000
30 10290.000000
52 10296.000000
60 10304.000000
48 10308.000000
68 10308.000000
30 10314.000000
21 10315.000000
43 10317.000000
28 10318.000000
52 10320.000000
23 10323.000000
00 10324.000000
68 10325.000000
51 10329.000000
30 10329.000000
59 10330.000000
27 10334.000000
42 10334.000000
22 10347.000000
70 10347.000000
22 10347.000000
21 10351.000000
29 10353.000000
29 10356.000000
45 10365.000000
21 10372.000000
45 10372.000000
13 10378.000000
67 10379.000000
52 10382.000000
30 10386.000000
13 10387.000000
70 10388.000000
12 10388.000000
48 10389.000000
21 10390.000000
65 10392.000000
37 10393.000000
27 10394.000000
50 10394.000000
07 10394.000000
07 10399.000000
66 10400.000000
67 10404.000000
39 10411.000000
45 10412.000000
37 10413.000000
34 10414.000000
35 10415.000000
66 10416.000000
52 10418.000000
60 10418.000000
68 10418.000000
70 10419.000000
45 10419.000000
45 10421.000000
02 10422.000000
39 10422.000000
60 10424.000000
39 10426.000000
42 10427.000000
37 10431.000000
42 10434.000000
42 10438.000000
52 10439.000000
66 10439.000000
39 10440.000000
38 10441.000000
67 10441.000000
70 10445.000000
23 10446.000000
15 10447.000000
48 10447.000000
67 10449.000000
24 10454.000000
39 10454.000000
24 10455.000000
65 10455.000000
62 10456.000000
66 10457.000000
21 10460.000000
28 10461.000000
30 10461.000000
02 10463.000000
56 10464.000000
66 10465.000000
29 10466.000000
22 10466.000000
02 10469.000000
39 10470.000000
42 10474.000000
62 10475.000000
45 10477.000000
70 10478.000000
39 10479.000000
00 10480.000000
25 10484.000000
45 10485.000000
23 10486.000000
13 10486.000000
14 10493.000000
60 10493.000000
29 10494.000000
52 10499.000000
29 10499.000000
22 10500.000000
21 10500.000000
60 10501.000000
23 10501.000000
62 10503.000000
23 10504.000000
45 10506.000000
70 10509.000000
45 10510.000000
29 10511.000000
30 10511.000000
22 10512.000000
47 10513.000000
24 10514.000000
22 10514.000000
72 10519.000000
26 10520.000000
37 10523.000000
02 10528.000000
14 10531.000000
30 10533.000000
27 10539.000000
38 10539.000000
19 10553.000000
25 10554.000000
66 10554.000000
00 10556.000000
23 10560.000000
30 10561.000000
43 10564.000000
30 10565.000000
22 10566.000000
37 10569.000000
43 10572.000000
37 10578.000000
27 10578.000000
15 10579.000000
72 10584.000000
51 10584.000000
21 10589.000000
24 10594.000000
02 10595.000000
22 10598.000000
30 10598.000000
36 10603.000000
53 10607.000000
21 10607.000000
37 10619.000000
18 10620.000000
30 10622.000000
52 10625.000000
42 10627.000000
60 10634.000000
22 10634.000000
25 10635.000000
70 10638.000000
30 10639.000000
22 10640.000000
27 10641.000000
22 10643.000000
22 10649.000000
29 10649.000000
53 10650.000000
74 10651.000000
43 10653.000000
70 10655.000000
13 10656.000000
66 10658.000000
45 10658.000000
48 10661.000000
36 10665.000000
60 10667.000000
27 10667.000000
66 10671.000000
60 10672.000000
23 10674.000000
48 10674.000000
67 10677.000000
03 10678.000000
23 10680.000000
13 10681.000000
29 10682.000000
24 10684.000000
68 10685.000000
71 10688.000000
55 10689.000000
13 10691.000000
41 10691.000000
60 10692.000000
60 10695.000000
45 10696.000000
42 10696.000000
22 10697.000000
24 10697.000000
20 10697.000000
30 10698.000000
37 10700.000000
37 10703.000000
34 10703.000000
21 10703.000000
37 10703.000000
07 10706.000000
45 10707.000000
29 10707.000000
42 10711.000000
37 10713.000000
70 10713.000000
36 10716.000000
65 10716.000000
29 10718.000000
30 10718.000000
65 10719.000000
42 10721.000000
36 10723.000000
36 10724.000000
60 10726.000000
45 10728.000000
67 10729.000000
42 10730.000000
60 10731.000000
26 10733.000000
71 10733.000000
42 10733.000000
67 10733.000000
29 10734.000000
26 10734.000000
45 10737.000000
37 10739.000000
25 10739.000000
37 10741.000000
66 10742.000000
29 10744.000000
02 10745.000000
74 10746.000000
58 10748.000000
70 10749.000000
70 10750.000000
48 10751.000000
59 10752.000000
34 10753.000000
05 10754.000000
42 10757.000000
48 10757.000000
28 10759.000000
37 10760.000000
22 10763.000000
25 10763.000000
23 10763.000000
36 10767.000000
57 10769.000000
68 10769.000000
07 10770.000000
02 10770.000000
67 10775.000000
24 10776.000000
37 10777.000000
60 10777.000000
45 10778.000000
66 10779.000000
70 10780.000000
74 10782.000000
42 10782.000000
42 10782.000000
02 10784.000000
29 10784.000000
29 10785.000000
22 10785.000000
13 10786.000000
42 10788.000000
48 10789.000000
00 10789.000000
72 10790.000000
45 10792.000000
66 10793.000000
74 10797.000000
48 10801.000000
42 10802.000000
29 10803.000000
59 10803.000000
57 10804.000000
43 10805.000000
24 10805.000000
37 10808.000000
29 10809.000000
24 10809.000000
57 10810.000000
60 10810.000000
39 10811.000000
30 10811.000000
62 10813.000000
39 10816.000000
60 10817.000000
22 10817.000000
45 10820.000000
21 10821.000000
22 10821.000000
67 10822.000000
24 10822.000000
50 10822.000000
67 10823.000000
62 10823.000000
23 10825.000000
48 10826.000000
20 10826.000000
60 10827.000000
24 10827.000000
39 10828.000000
43 10829.000000
45 10830.000000
53 10832.000000
70 10833.000000
18 10834.000000
29 10836.000000
19 10838.000000
22 10839.000000
21 10842.000000
27 10844.000000
67 10845.000000
37 10847.000000
23 10848.000000
24 10852.000000
19 10852.000000
60 10853.000000
48 10854.000000
40 10854.000000
70 10855.000000
70 10856.000000
70 10856.000000
00 10856.000000
50 10858.000000
37 10859.000000
45 10863.000000
22 10864.000000
21 10870.000000
49 10873.000000
30 10875.000000
29 10876.000000
66 10877.000000
23 10879.000000
23 10880.000000
48 10880.000000
67 10885.000000
45 10886.000000
60 10887.000000
45 10889.000000
48 10890.000000
68 10893.000000
24 10894.000000
60 10898.000000
60 10900.000000
16 10901.000000
02 10901.000000
28 10905.000000
29 10907.000000
03 10909.000000
06 10910.000000
66 10911.000000
07 10912.000000
69 10913.000000
29 10917.000000
07 10917.000000
28 10920.000000
65 10921.000000
72 10925.000000
22 10926.000000
21 10928.000000
30 10928.000000
41 10929.000000
24 10930.000000
60 10932.000000
62 10932.000000
69 10932.000000
26 10936.000000
29 10937.000000
23 10939.000000
29 10941.000000
26 10946.000000
70 10946.000000
42 10949.000000
48 10949.000000
66 10950.000000
41 10954.000000
66 10957.000000
24 10960.000000
36 10961.000000
30 10965.000000
26 10966.000000
52 10970.000000
23 10971.000000
20 10973.000000
21 10976.000000
42 10978.000000
41 10979.000000
29 10980.000000
24 10981.000000
24 10981.000000
26 10982.000000
21 10982.000000
36 10983.000000
52 10984.000000
44 10985.000000
70 10986.000000
68 10987.000000
65 10989.000000
26 10990.000000
05 10999.000000
52 11001.000000
42 11001.000000
30 11006.000000
27 11007.000000
52 11007.000000
52 11008.000000
15 11009.000000
41 11013.000000
41 11021.000000
20 11021.000000
44 11021.000000
52 11022.000000
52 11023.000000
67 11023.000000
48 11025.000000
48 11027.000000
66 11032.000000
70 11033.000000
37 11034.000000
23 11034.000000
68 11035.000000
41 11037.000000
59 11039.000000
48 11045.000000
28 11046.000000
44 11053.000000
66 11054.000000
27 11056.000000
53 11059.000000
27 11060.000000
23 11060.000000
48 11062.000000
41 11063.000000
42 11068.000000
30 11070.000000
00 11070.000000
48 11072.000000
26 11072.000000
21 11073.000000
42 11075.000000
20 11077.000000
70 11078.000000
29 11081.000000
25 11081.000000
58 11082.000000
42 11088.000000
29 11089.000000
21 11089.000000
23 11089.000000
27 11091.000000
48 11095.000000
25 11100.000000
29 11101.000000
29 11101.000000
72 11103.000000
21 11104.000000
62 11105.000000
13 11107.000000
50 11109.000000
30 11109.000000
17 11111.000000
37 11111.000000
24 11111.000000
70 11113.000000
52 11116.000000
66 11116.000000
60 11120.000000
37 11126.000000
29 11127.000000
29 11130.000000
02 11130.000000
29 11135.000000
26 11137.000000
23 11137.000000
13 11139.000000
58 11140.000000
58 11141.000000
23 11144.000000
48 11144.000000
37 11145.000000
70 11146.000000
02 11146.000000
45 11147.000000
23 11151.000000
21 11154.000000
02 11159.000000
60 11161.000000
27 11161.000000
55 11161.000000
30 11166.000000
05 11168.000000
53 11168.000000
30 11169.000000
22 11170.000000
60 11170.000000
30 11171.000000
26 11172.000000
69 11173.000000
43 11174.000000
29 11180.000000
24 11182.000000
26 11183.000000
45 11184.000000
62 11185.000000
60 11185.000000
70 11186.000000
62 11186.000000
23 11188.000000
28 11189.000000
30 11190.000000
45 11191.000000
60 11193.000000
23 11196.000000
41 11198.000000
06 11198.000000
48 11199.000000
20 11200.000000
21 11201.000000
28 11202.000000
21 11203.000000
37 11206.000000
01 11209.000000
22 11209.000000
21 11209.000000
42 11211.000000
23 11211.000000
66 11213.000000
66 11213.000000
36 11214.000000
29 11217.000000
24 11218.000000
66 11220.000000
23 11221.000000
23 11222.000000
49 11223.000000
66 11224.000000
25 11224.000000
23 11224.000000
00 11229.000000
29 11231.000000
23 11232.000000
02 11234.000000
60 11236.000000
02 11237.000000
28 11240.000000
45 11243.000000
29 11245.000000
37 11246.000000
70 11247.000000
24 11248.000000
60 11251.000000
42 11251.000000
42 11252.000000
04 11253.000000
58 11254.000000
52 11255.000000
41 11255.000000
21 11256.000000
01 11259.000000
34 11259.000000
70 11262.000000
67 11264.000000
71 11264.000000
28 11267.000000
02 11272.000000
13 11275.000000
39 11276.000000
28 11276.000000
13 11277.000000
24 11279.000000
42 11281.000000
24 11283.000000
31 11285.000000
41 11285.000000
60 11288.000000
60 11289.000000
67 11290.000000
72 11293.000000
63 11294.000000
66 11295.000000
62 11296.000000
37 11298.000000
22 11299.000000
51 11300.000000
30 11300.000000
41 11305.000000
24 11311.000000
18 11314.000000
41 11315.000000
30 11315.000000
63 11319.000000
